# Created by Octave 4.4.1, Tue Mar 05 17:49:58 2019 PST <petersson1@chebyshev.llnl.gov>
# name: prt
# type: matrix
# rows: 1320
# columns: 1
 0.00034848650239766021
 -0.0053613404213122178
 -0.011198693782603337
 -0.017163573581475702
 -0.023255979817929297
 -0.029475912491964133
 -0.03465531207412384
 -0.035186816817437711
 -0.030815188476629455
 -0.021540427051699035
 -0.0073625325426464952
 0.011002997893887551
 0.025611142497793934
 0.034256756698902713
 0.036939840497213883
 0.03366039389272743
 0.024425222159075728
 0.012986674438443603
 0.0025038037445211034
 -0.0070233899226916693
 -0.015594906563194764
 -0.023210746176988192
 -0.028873174559344759
 -0.029934377578805762
 -0.026251962551338544
 -0.017825929476943139
 -0.0046562783556195189
 0.012369787351944925
 0.025320576516667942
 0.032316706766037671
 0.03335817810005412
 0.028444990518717257
 0.017607809237237655
 0.005373428256363914
 -0.0050220852088350958
 -0.013578731158359395
 -0.020296509592209008
 -0.025175420510383885
 -0.027668132179205409
 -0.026525208121677683
 -0.021697902941492438
 -0.013186216638649674
 -0.00099014921314936931
 0.013949801416303042
 0.024738249998790995
 0.02998844195010093
 0.029700377270232853
 0.023874055959186756
 0.012579222203869719
 0.00066364137043748578
 -0.0089122411418636437
 -0.016148425333033636
 -0.021044911203072534
 -0.023601698751980319
 -0.02370506980050785
 -0.021131824134467618
 -0.015876064595069062
 -0.0079377911823121771
 0.0026829961038030564
 0.015050924709280437
 0.023462256145365658
 0.026950951932569644
 0.025517012070892395
 0.019160436560333921
 0.0080007078203376009
 -0.0030584576618573282
 -0.011448681597223644
 -0.017169963985761341
 -0.020222304827470422
 -0.020605704122350896
 -0.01867792180898226
 -0.015041525013521399
 -0.0097061735460757213
 -0.0026718674066452067
 0.006061393404770154
 0.0156233188502343
 0.021552145745728633
 0.023217984954863307
 0.020620836477638321
 0.013760700314053674
 0.0028188345712583558
 -0.0072473365402143889
 -0.014205851620962318
 -0.018056710670985424
 -0.018799913690283707
 -0.016435460678857174
 -0.012071264664941045
 -0.0073027769353688713
 -0.0021427158794954057
 0.0034089185026793612
 0.0093521262111554392
 0.015068344898430593
 0.017869321725471926
 0.01744293645709984
 0.013789189093314329
 0.0069080796341153975
 -0.0029648969768902838
 -0.011205908890117947
 -0.016024199789675196
 -0.017419769675562025
 -0.015392618547778439
 -0.0099427464063244278
 -0.0031893711511540163
 0.0022728707471581224
 0.0064374940405342723
 0.0093044987289744169
 0.010873884812478552
 0.011131201478543915
 0.010022882862022072
 0.0075439030064278273
 0.0036942619117611855
 -0.0015260404219778511
 -0.0079104143451746919
 -0.012398238902719443
 -0.013970642793485408
 -0.012627626017472568
 -0.0083691885746809466
 -0.0011953304651105179
 0.0061242619771153459
 0.010729648246234583
 0.012620645270905109
 0.011797253051126928
 0.0082594715869000451
 0.0028700976790472302
 -0.0016311663135350823
 -0.0050413439553275716
 -0.0073604352463302394
 -0.0085884401865430875
 -0.0087207458493893282
 -0.0077039414073146011
 -0.0055227775162634465
 -0.0021772541762358471
 0.0023326286127681832
 0.0080041647333386895
 0.012638850947449948
 0.014328339939366837
 0.013072631709089347
 0.0088717262566174859
 0.0017256235819512449
 -0.006795562984747516
 -0.012409057454149608
 -0.014872038360600689
 -0.014184505704100681
 -0.010346459484649656
 -0.003717020890835275
 0.0023692337189497896
 0.0070988312799332093
 0.010471771792114993
 0.01248805525549514
 0.013146594973639791
 0.012255523824188767
 0.0096736147385991338
 0.0054008677168708918
 -0.00056271724099596376
 -0.0082171401350014141
 -0.015916143110818969
 -0.019797396285755393
 -0.019700472359597671
 -0.015625371332345792
 -0.0075720932039997496
 0.0037004054490647146
 0.012430076120055984
 0.017422408970916306
 0.018677404001645685
 0.016195061212244125
 0.010009013984665627
 0.0027426661113231898
 -0.0039559466920365141
 -0.010086824425413489
 -0.01564996708880774
 -0.020645374682219272
 -0.024104673464406756
 -0.024074072575041978
 -0.020497793686629486
 -0.013375836799169262
 -0.002708201912661298
 0.010454523069295936
 0.01949365588100295
 0.023251834846540261
 0.02172905996590789
 0.014925331239105839
 0.0029564933722472479
 -0.0090020060159806212
 -0.018163326818652112
 -0.024527469035767194
 -0.028094432667325888
 -0.028864217713328196
 -0.02698371443187058
 -0.022707361917400151
 -0.01603967697689189
 -0.0069806596103458131
 0.0044696901822380971
 0.017148060156127742
 0.024903530288212666
 0.02683771159977873
 0.022950604090825968
 0.013242207761354338
 -0.0020499343384401125
 -0.015976778916706586
 -0.025322742319580982
 -0.030087824547063331
 -0.030272025599153603
 -0.025875345475851828
 -0.018505042903133175
 -0.010543372475085914
 -0.0020123800260327509
 0.0070879344440263319
 0.016757570935091354
 0.025986757168123313
 0.030255541273126404
 0.029019508394782362
 0.022278658533091196
 0.010032991688052897
 -0.0073208058622671462
 -0.02154529562491821
 -0.029361617582766526
 -0.030769771735812104
 -0.025769758084054961
 -0.014361576627495062
 -0.00033917980474573034
 0.011510772502258085
 0.021172556310781597
 0.028646171620824844
 0.033931618432387747
 0.036626424997537689
 0.035195510171435518
 0.029488922850828828
 0.019506663035717596
 0.0052487307261018714
 -0.012756158977246631
 -0.026287872665813589
 -0.032533270028310454
 -0.03149235106473721
 -0.02316511577509385
 -0.0075515641593804023
 0.0099344970850363395
 0.02352280260965927
 0.033211897481218465
 0.039001781699713918
 0.040892455265145643
 0.039044187881566279
 0.033980285887711091
 0.025741303847077596
 0.01432724175966581
 -0.00026190037452425956
 -0.017402027962261108
 -0.029552026129570856
 -0.034497354786571656
 -0.032238013933263518
 -0.022774003569646407
 -0.0061099503557549145
 0.01162825897937143
 0.024956521548631691
 0.033874837352025858
 0.038383206389553941
 0.038481628661215961
 0.034659275466365942
 0.028287645675300128
 0.01944860473274514
 0.0081421526387009547
 -0.0056317106068324305
 -0.021149928852250255
 -0.031434921860182818
 -0.03473449457135272
 -0.031048646985759921
 -0.020377379103404446
 -0.0027531471657373241
 0.014833535390761876
 0.027083485934117524
 0.033996704464329661
 0.035573190981398273
 0.031812945485323312
 0.023988113029607065
 0.015166116949809868
 0.0054823243351845618
 -0.0050632648142688273
 -0.016470650498550315
 -0.02807484984588416
 -0.034645394012975533
 -0.035064856363438701
 -0.029333236897273657
 -0.017450535614480383
 0.00050019154875788341
 0.017190468016391125
 0.027883735220866755
 0.032579993162184809
 0.031279241840345293
 0.023981481255348172
 0.012797923286163958
 0.0021069469402355597
 -0.0079568179054493732
 -0.017393371250890848
 -0.026202713096088872
 -0.033858431007831272
 -0.036932915013887554
 -0.034807562663789426
 -0.027482373957536832
 -0.01495734889512982
 0.0026206569415256377
 0.01807921693214325
 0.027447356141986744
 0.030725074571056114
 0.027912372219351351
 0.01900924908687247
 0.006638774696075659
 -0.0045267552806825331
 -0.014396003906435161
 -0.022968971181182206
 -0.030245657104923693
 -0.035767793601375629
 -0.037035677454907351
 -0.033671739156987637
 -0.02567597870761652
 -0.013048396106793998
 0.0039858440451579873
 0.018362927424107327
 0.026723218130825763
 0.029066716165313311
 0.025393421527569945
 0.015703334217595698
 0.0030320139254502651
 -0.0079904327670695281
 -0.017314834810438735
 -0.024941192204657361
 -0.030869504949725433
 -0.034710832466939144
 -0.034671638496834994
 -0.030527941313867137
 -0.022279740918035609
 -0.0099270373093404037
 0.0062186181933946462
 0.019303096576046494
 0.026522435969201473
 0.027876636372859569
 0.023365697787020783
 0.012989620211685119
 0.00022104546709932407
 -0.010426327464921293
 -0.018933690962966883
 -0.025301045027037478
 -0.029528389657133048
 -0.031380329560693677
 -0.029932889309582322
 -0.025092171612583893
 -0.016858176469698401
 -0.0052309038809258525
 0.0094032518772275177
 0.020732193348020747
 0.026535367947854192
 0.026812775676727827
 0.021564416534641678
 0.010790290521595717
 -0.0016786408236101856
 -0.011629130953762635
 -0.019058824930411427
 -0.023967722753556568
 -0.026355824423198056
 -0.026220063452366684
 -0.023550143120506017
 -0.018345229547215906
 -0.010605322732496368
 -0.00033042267634738221
 0.012054881300303209
 0.021191713550553336
 0.0254616281594836
 0.024864625127094003
 0.019400704453384546
 0.0090713794368152065
 -0.0022533009730328259
 -0.010998986345656285
 -0.017165676681055161
 -0.020753371979229475
 -0.021762072240179182
 -0.020399464868613382
 -0.017264108861271825
 -0.012393568501024979
 -0.0057878437878728511
 0.0025530652781845646
 0.012216515159370767
 0.019061256460609001
 0.022016976431117073
 0.021083675070894987
 0.016261352379942719
 0.0075625757394095407
 -0.0016288874762720867
 -0.0086707453804748189
 -0.013562997973198668
 -0.016305645254443644
 -0.016898687224209712
 -0.01558040996484791
 -0.012941317370836309
 -0.0090090429691537573
 -0.0037835867598002642
 0.0027350512572241778
 0.010161574346726831
 0.015354627638866435
 0.017622761919649899
 0.016965977189077212
 0.013384273447148393
 0.0069033171927907156
 0.00010870012452553202
 -0.0052799927451539974
 -0.0092627614162478812
 -0.011839605888756103
 -0.013010526162678665
 -0.012803886030041473
 -0.011280146085425225
 -0.0084413027806634813
 -0.0042873561157562405
 0.0011816939092964998
 0.0075662808098910942
 0.012176416413911182
 0.014511190469162832
 0.014570602975646052
 0.012354653933360847
 0.0078970089012767967
 0.0030036712450590862
 -0.0012972072689772457
 -0.0050056266408322024
 -0.0081215868705057717
 -0.01064508795799796
 -0.012187028326435846
 -0.01203476792471371
 -0.010173041991676728
 -0.0066018505273248949
 -0.0013211935316582129
 0.0051836834946389241
 0.010181379119980063
 0.013245408041029406
 0.014375770257786967
 0.013572465770252732
 0.010867826667165882
 0.0073526872593988836
 0.0035603182867099533
 -0.0005092802509008927
 -0.0048561083534336752
 -0.0094801660208883812
 -0.013328735542592864
 -0.014749685411671248
 -0.013723079470821867
 -0.010248917720044715
 -0.0043272001593397929
 0.0033641906786422045
 0.0096042163490730036
 0.013976028740031777
 0.016479627851518533
 0.017115013683533242
 0.015901422339641078
 0.013288038211536249
 0.0094637170893315543
 0.0044284589730269998
 -0.0018177361373774255
 -0.0092748682418817251
 -0.015913127459130955
 -0.019015082151086035
 -0.018566759255311663
 -0.014568158771807827
 -0.0070192807005745438
 0.0030275630077188694
 0.011320844994688016
 0.017411391750367187
 0.021299203274756345
 0.022984279567855516
 0.022475731017599532
 0.01993013484872571
 0.015404110649333967
 0.008897658419424307
 0.00041077815899672116
 -0.010056530131948802
 -0.019366676577390583
 -0.023960239773530879
 -0.02383373350939632
 -0.018987157784986899
 -0.0094205126003026312
 0.0032928684540922161
 0.013719488354158165
 0.021399929564037024
 0.026334192083728787
 0.028522275913233454
 0.027982402668564756
 0.024955019634919331
 0.01951480183473514
 0.011661749268012158
 0.0013958619347503917
 -0.011282273758299254
 -0.022269504618711536
 -0.027654823399442807
 -0.027438230100493028
 -0.02161972472186223
 -0.010199307263550386
 0.0046780719205695397
 0.016657605887005725
 0.025320513090193959
 0.030666793530134229
 0.032696447206826566
 0.031466009552739968
 0.02756596175144034
 0.021153346670897421
 0.012228164311111199
 0.00079041467208169664
 -0.013145885988532585
 -0.024713949756397943
 -0.029998091915438896
 -0.028998312465655394
 -0.021714611407047477
 -0.00814698873961512
 0.0088221859334728578
 0.021851730942633069
 0.030578004149450323
 0.035001005553924582
 0.035120735156055863
 0.031156488596328205
 0.0249625467638049
 0.016959334436692054
 0.0071468516149896643
 -0.0044749017013022774
 -0.017864691131403952
 -0.028229168353429753
 -0.032287462132498543
 -0.030039572468610293
 -0.021485499361765047
 -0.0066252428119627609
 0.011045081411364552
 0.02386589944584324
 0.03156633570470356
 0.034146390187945533
 0.031606062895569158
 0.024428658237602364
 0.015979729056171031
 0.0069057155561133591
 -0.0027933822625706658
 -0.013117564399881059
 -0.024000089834324115
 -0.03148758299643481
 -0.033265531177870643
 -0.02933393437863159
 -0.019692792598717691
 -0.0043421058381289132
 0.012908683179971913
 0.024886309959338146
 0.031423168084856692
 0.032519257556527563
 0.028174578374350764
 0.019111587709858789
 0.0095281458023769375
 0.0001015676267785582
 -0.0091681468169363504
 -0.018280997528767814
 -0.027147010567891063
 -0.032491525502243171
 -0.032668984530438733
 -0.027679387652477769
 -0.017522734868360271
 -0.0021990261780862577
 0.014242000189721785
 0.025261877986656529
 0.030771724069154217
 0.030771538437214859
 0.025261321090838462
 0.015161123706509991
 0.0049767436095614053
 -0.0046878468676522242
 -0.013832647725130903
 -0.022457658962875118
 -0.03044141802429683
 -0.034767436256750793
 -0.034132265891869532
 -0.028535906929652965
 -0.017978359370101175
 -0.0024596232132141193
 0.013600133957631429
 0.024107258766902336
 0.029023922149329185
 0.028350124104912021
 0.022085864633650809
 0.011374997769917161
 0.00097508733526670971
 -0.0085916542733087964
 -0.01732522705580939
 -0.025225631012235041
 -0.032143927204660319
 -0.035383322925082138
 -0.033941475701316025
 -0.027818385533361998
 -0.017014052421220043
 -0.0015284763648901521
 0.013904445215409417
 0.023746844608123693
 0.027990364533716935
 0.026635004992189151
 0.01968076598354036
 0.008532070243881017
 -0.001822134470009654
 -0.010941816810766891
 -0.018826976778390687
 -0.025477614372881006
 -0.030743907444513878
 -0.032556812105600803
 -0.030255612675859071
 -0.023840309155288668
 -0.013310901543889579
 0.0013325334963905019
 0.015337108533547826
 0.024025754801830571
 0.027398472301238735
 0.02545526103177231
 0.018196120993431313
 0.0072194019976279181
 -0.002606621083674928
 -0.010945465196753042
 -0.01779713034160639
 -0.023161616518235
 -0.02690830024427731
 -0.027616302152004463
 -0.024896811926632172
 -0.018749829568160417
 -0.0091753550765891981
 0.0038171763101042637
 0.015826750255441949
 0.023204026381796916
 0.025949004689169174
 0.02406168517755871
 0.017542067846965527
 0.0079387280172832468
 -0.00069465089878921991
 -0.0081458789616590463
 -0.014414956171326201
 -0.019501882527790709
 -0.023239357505311586
 -0.024159433161383064
 -0.021919339599168346
 -0.016519076818667433
 -0.0079586448198803068
 0.0037316774260713996
 0.01443910127841363
 0.021265946372251734
 0.024212212707585688
 0.023277900284415523
 0.018463009102741214
 0.011022983787693272
 0.0037847543371780489
 -0.0031448792720138868
 -0.0097659170398824956
 -0.016078358966427803
 -0.021732565203408476
 -0.024209014958588397
 -0.023008672580452753
 -0.018131538069001543
 -0.0095776114242347513
 0.0025837133688485468
 0.013786840356024519
 0.021282663190396397
 0.025071181871964179
 0.025152396400727865
 0.021526306776687466
 0.015287517022015836
 0.0085550045752528364
 0.0013825580055191818
 -0.0062298226871850982
 -0.014282137502860044
 -0.02215224908392649
 -0.026107333284909669
 -0.025525252748230424
 -0.020406007473888745
 -0.010749597461884633
 0.0033002906520022655
 0.016083183938052237
 0.024675041619059705
 0.029075863695024684
 0.029285650165947141
 0.025304401031827101
 0.018488076905452972
 0.011088598049865509
 0.0031401921370967549
 -0.0053571408328532619
 -0.014403400859984566
 -0.023166921505670186
 -0.027448802595215004
 -0.026666352838916597
 -0.020819572236774973
 -0.0099084607887901174
 0.0058159317091437332
 0.019708470863665221
 0.028818040706712955
 0.033144641238286955
 0.032688272458387221
 0.027448934367013744
 0.01929060205621598
 0.010858886711457325
 0.0021732657218477133
 -0.0067662609126128252
 -0.015959693191924317
 -0.024468351158615793
 -0.028272239693640427
 -0.02691320406451907
 -0.020391244271251715
 -0.008706360313838344
 0.0077658101443877151
 0.021849073133249131
 0.030802001722815928
 0.03462459591308812
 0.033316855704065708
 0.026878781095748674
 0.017662258011722717
 0.008503602771209073
 -0.00059110390952907006
 -0.0096218620304917048
 -0.018588671591678832
 -0.026484031238827394
 -0.029626099640065365
 -0.027676399830215543
 -0.020634931809277911
 -0.0085016955772524837
 0.0082083044461297994
 0.022043926077700754
 0.03055881367475435
 0.033752967237290613
 0.031626386765309523
 0.024179072258811073
 0.014216618841443403
 0.0045901023622770647
 -0.004700431192110166
 -0.013654981821718298
 -0.022273549526547323
 -0.029469515911753154
 -0.031840114529990166
 -0.029138946652268814
 -0.021366012278589131
 -0.0085213114089511075
 0.0087007743554338712
 0.022427547870470268
 0.030442791327772615
 0.032746504727340899
 0.029338688069175115
 0.020224708506690846
 0.008961056579156702
 -0.0014120973327330037
 -0.010894753228978281
 -0.019486911109579154
 -0.027188570974535597
 -0.032940555327177504
 -0.033893157376895154
 -0.029888993020144788
 -0.020928062256926446
 -0.0070103650872401198
 0.010938739491800971
 0.024488860872897512
 0.031613092708773174
 0.032311434999427964
 0.026583887744861846
 0.014460693298468262
 0.00081340789689113985
 -0.010824276332866712
 -0.020452359390805315
 -0.028070841276924684
 -0.033679721991224758
 -0.036594883216105031
 -0.035233112189083857
 -0.029530658937296821
 -0.01948752346074397
 -0.0051037057594252779
 0.012514994411242642
 0.025119011113562944
 0.031023841822626443
 0.030229486538433131
 0.02273594526098301
 0.0086234598417661637
 -0.0062051785189792992
 -0.018093950462737454
 -0.027042855989508251
 -0.03305189509929176
 -0.036121067792087895
 -0.036088153290292913
 -0.032630332206323373
 -0.025738734816713973
 -0.015413361121464714
 -0.0016542111205755758
 0.014365580378680885
 0.025375162818574916
 0.030123213422954299
 0.028609732191819049
 0.020834719125169168
 0.0069388829630138704
 -0.0070556857419782036
 -0.017950888126159845
 -0.025746724189531042
 -0.030443193932091807
 -0.032040297353842132
 -0.030683639085554076
 -0.026621923654975427
 -0.019859349700444603
 -0.010395917221961594
 0.0017683737804736184
 0.01544837316746395
 0.02447384989499218
 0.027958738578156801
 0.025903039216957805
 0.018306751811395214
 0.0053713517382333528
 -0.0072060232568234121
 -0.01682498658944772
 -0.02348553825963956
 -0.027187678267398926
 -0.027931406612725834
 -0.026047182989064756
 -0.02201780855001825
 -0.01584743655240636
 -0.0075360669962290646
 0.0029163001185136279
 0.014362229529169868
 0.021740965092748175
 0.024453998909902609
 0.022501330980633151
 0.015882961304939817
 0.0048473984524446574
 -0.0055884842189031971
 -0.013454910735596529
 -0.018751881097635318
 -0.021479395305019602
 -0.021637453357749345
 -0.01969113942831972
 -0.016218504660775304
 -0.011221213831538908
 -0.0046992669406105431
 0.0033473360120098187
 0.011945099359910682
 0.01743367939738466
 0.019462617684523554
 0.01803191422132738
 0.013141569007796118
 0.0050350062615936581
 -0.0025939295176602237
 -0.0084984478079142244
 -0.012678548609168318
 -0.01513423192142252
 -0.015865497744676823
 -0.015043408546705474
 -0.012847431013815989
 -0.0092775907946915925
 -0.0043338878893322812
 0.0019836777022619522
 0.0088032598322795794
 0.013317587307404337
 0.015313919036843468
 0.01479225502059698
 0.011752595258664868
 0.0063972668997145359
 0.0011191780814667806
 -0.0033887762270458036
 -0.0071265960258231932
 -0.010094281314865405
 -0.012291380132930255
 -0.01325644005174653
 -0.01258269595334752
 -0.010270147837733211
 -0.0063187957049036046
 -0.00072863955485869979
 0.0055864153496445997
 0.010099032542241891
 0.012662159884992068
 0.013275797377895126
 0.011939945020951071
 0.0087948034253209628
 0.005167402615680646
 0.0013862009168035799
 -0.0025488016713102225
 -0.006637605148660769
 -0.010873237611726446
 -0.013899827983949219
 -0.014704596230492082
 -0.01328754235135503
 -0.0096486663465380554
 -0.0037879682160411698
 0.0031555774614696764
 0.0084729745627213707
 0.012048211643531153
 0.013881288703899026
 0.013972205743824974
 0.012390081358051004
 0.0096690037301376888
 0.0059213742041646176
 0.001147192780131814
 -0.0046535405419607353
 -0.011450334880209049
 -0.016716376972474269
 -0.018841612739196868
 -0.017826042180376842
 -0.013669665296014197
 -0.0063724820861089278
 0.0024099863486631394
 0.0092912815279271692
 0.014171029568126686
 0.01704923046926168
 0.017925884231332151
 0.016842742171324865
 0.014067198279363232
 0.0096467562761075199
 0.0035814161615577438
 -0.0041288220642861102
 -0.013404315458011212
 -0.020526908806557723
 -0.023466488795054953
 -0.022223055423502922
 -0.01679660869190161
 -0.0071871486002510285
 0.0041396728562248294
 0.012852806558296044
 0.018871517778499946
 0.022195806516836513
 0.022825672773305754
 0.0208914629629759
 0.017093163387335897
 0.011534748877448481
 0.0042162194333136343
 -0.0048624249450686143
 -0.015554036470376778
 -0.023402388068577699
 -0.026316936323345801
 -0.024297681234681078
 -0.017344622802583545
 -0.0054577610270531698
 0.0080100866810155994
 0.018017577903956066
 0.024514668541677258
 0.027501358594179195
 0.026977648061461877
 0.023280291644732099
 0.017939215185496786
 0.011142068744396532
 0.0028888523214313411
 -0.006820434083398782
 -0.017768186009485001
 -0.025304389669455998
 -0.027552624638938587
 -0.024512890917932739
 -0.016185188506438478
 -0.0025695174044558177
 0.01218311562761518
 0.022756855321105645
 0.029131958480960132
 0.031308425107178683
 0.029286255199761281
 0.023670550244566595
 0.016802566253391368
 0.008915591316708096
 9.6254345167837499e-06
 -0.0099153313931825745
 -0.02057125455421499
 -0.027368685399942354
 -0.02871517813814195
 -0.024610732768813832
 -0.015055349291957971
 -4.9027707574377952e-05
 0.015502173550384815
 0.026286328117098461
 0.032301358879307247
 0.033547265837011161
 0.03002404899021022
 0.02264915092065839
 0.014460338082873087
 0.0056982958894383588
 -0.0036369756596458277
 -0.013545476564379428
 -0.02366941968769657
 -0.029590864317321029
 -0.029994094682359713
 -0.02487911078281262
 -0.014245912618679727
 0.0019023298092573325
 0.017894132880381053
 0.028572609767622492
 0.033937760470981668
 0.033989584990458552
 0.028728083326053172
 0.019479613203871503
 0.010014452027617736
 0.00056339686904443957
 -0.0088735522718484325
 -0.018296395395060821
 -0.027300015742820836
 -0.031897951886220556
 -0.031074598620012567
 -0.024829955944196867
 -0.013164023858773456
 0.003896345867562663
 0.019906914573399562
 0.029909767970384082
 0.033904906058516218
 0.031892328837795969
 0.023872036308223342
 0.011838679608414287
 0.00066807263276375331
 -0.0094181567144375512
 -0.018420008433189652
 -0.026337482523492495
 -0.032805653999422431
 -0.034902381812896704
 -0.031993979734101001
 -0.024080447763035299
 -0.011161785899699597
 0.0066867482471489464
 0.022378652497809039
 0.03126792141370352
 0.033354554994832336
 0.028638553241195526
 0.017119916152793076
 0.0017296325953869117
 -0.011369736440828638
 -0.021981754509672338
 -0.030106421611144206
 -0.03574373774524419
 -0.038689033430270484
 -0.037587292040168335
 -0.032190099739778655
 -0.022497456529101449
 -0.0085093624081367079
 0.0096329004559231914
 0.024702112930556814
 0.032640848095891226
 0.033449105951926419
 0.027126886498662409
 0.013674189736099195
 -0.0032801465818871195
 -0.017181668464937867
 -0.027896173333397889
 -0.035423661187267225
 -0.039764132026545801
 -0.04082444665042425
 -0.038088530715422883
 -0.03147712550976569
 -0.020990231033452662
 -0.0066278472864837847
 0.011383799652688258
 0.025687475751056878
 0.032735594136758521
 0.032528154809793194
 0.025065157770160891
 0.010346603017861607
 -0.0072891505948221996
 -0.021129727241855724
 -0.031099053451151885
 -0.037197129222710651
 -0.039423954556532061
 -0.037917855209373658
 -0.033326308641845812
 -0.025731632794092373
 -0.015133827666113315
 -0.0015328932579086281
 0.014768536111102772
 0.026912755376486561
 0.032055685119871849
 0.030197325341258664
 0.021337676040647045
 0.0054767372180369329
 -0.012140848611123422
 -0.024596515599990695
 -0.031858141552440065
 -0.033925726468471522
 -0.030799270348085078
 -0.023331082304558534
 -0.014915222373301866
 -0.0059034021655087468
 0.0037043783188208377
 0.013908119079686872
 0.024445300827352846
 0.03091791521400962
 0.031757328459008659
 0.026963540562349952
 0.016536551524033521
 0.00047636134405935399
 -0.015732047736729777
 -0.02596180672810601
 -0.030208288228168484
 -0.02847149223691722
 -0.020751418754352234
 -0.0086505077514859099
 0.0023744942646921393
 0.011871992795416213
 0.019841987840686345
 0.026284479400502506
 0.031056858655321703
 0.032318935678527609
 0.029507127205196403
 0.022621433235328073
 0.011661853768922627
 -0.003370303125685481
 -0.0172872384340024
 -0.025221629883478536
 -0.027173477474113875
 -0.023142781205908413
 -0.013129541078862174
 0.00070383311586898895
 0.012038674337096517
 0.020468568903265705
 0.025993516814376557
 0.028613518070429101
 0.028372646426530444
 0.025722094231250429
 0.020780156321179962
 0.013546832696319028
 0.0040221233566676345
 -0.0077804178939043945
 -0.017734772200896753
 -0.022570617527459348
 -0.02228795387359218
 -0.016886781239295257
 -0.0063670996245685637
 0.006786793064841104
 0.016333626664968084
 0.021972843395154838
 0.023704443255401345
 0.021528426245707614
 0.015809678503371977
 0.00957763201855002
 0.0035090719723404602
 -0.0023960016352566867
 -0.0081375888042414281
 -0.013699040606199479
 -0.017281287628691855
 -0.01767053432738255
 -0.01486678070227156
 -0.0088700267533588836
 0.00031972751935548387
 0.010471360331908939
 0.016763301625778174
 0.019030732963326084
 0.017273654344552181
 0.011492065769457898
 0.0023758090122182815
 -0.0053520375255998384
 -0.010798206671492148
 -0.013962698425455933
 -0.01484551278749275
 -0.01346456095703388
 -0.010828809974088534
 -0.0075207466976048177
 -0.0035403711275810647
 0.0011123167359807298
 0.0064373168930828995
 0.011232386082971158
 0.013264835388376479
 0.012484689384847749
 0.0088919480723845985
 0.0024866114509887985
 -0.0059557546443665781
 -0.011999869570953118
 -0.01494171823857088
 -0.014781300647218392
 -0.011518616796895594
 -0.0052431842511506833
 0.00090939566690121515
 0.0053849985901295722
 0.0081836245185366203
 0.0093052734521209528
 0.0087499453908831421
 0.0069512899992815805
 0.0045996067431871724
 0.0017037456157532713
 -0.001736293383021572
 -0.0057205102531356468
 -0.009789699094985423
 -0.01172875327333776
 -0.0112459068049324
 -0.0083411596897695998
 -0.0030145119278479093
 0.0045798923598855453
 0.010730992501247786
 0.013857006782860322
 0.0139579352047247
 0.011033777766840882
 0.0050845344692073986
 -0.0018415398025153941
 -0.0069617435816350182
 -0.010260316211903492
 -0.011737257693322452
 -0.011392568025891159
 -0.009416365110895792
 -0.0065879773445563982
 -0.0029913354304663877
 0.0013735606313724511
 0.0065067108409623022
 0.012251326739114603
 0.015842043877526222
 0.016265048880511453
 0.013520341748070493
 0.007607922480204728
 -0.0014722089230888068
 -0.010649042094532886
 -0.016384632876487774
 -0.018674626446035236
 -0.017519022803176423
 -0.012917821947911905
 -0.0057801183814378742
 0.00070998440579606633
 0.0062774853271806621
 0.010922384382713134
 0.014644681572395801
 0.017348501482140039
 0.017739752522142813
 0.015410894771131358
 0.010361928229104514
 0.0025928528960647971
 -0.0078961002088964952
 -0.01749595078112446
 -0.022711610929889346
 -0.023543080655188557
 -0.019990359957022499
 -0.012053448835392963
 -0.0013050719938800508
 0.0075304111915203194
 0.014134109958952642
 0.01850602430841361
 0.020646154239905415
 0.020553119861862267
 0.018212214503882343
 0.013619470651656355
 0.0067748883051819923
 -0.0023215325355373144
 -0.013659692689820499
 -0.023199083264919089
 -0.027639542998351471
 -0.026981071890115439
 -0.021223669940210674
 -0.010367337148640032
 0.003298493909612555
 0.013862381703518454
 0.021023252440767803
 0.024781106121357015
 0.025135942745287965
 0.022234159552631413
 0.017336657798379965
 0.010733568689293012
 0.0024248922253672619
 -0.0075893715933931299
 -0.019274811102950942
 -0.02831467422512125
 -0.031711322670011956
 -0.02946475643762134
 -0.021574975527948306
 -0.0080419799409967886
 0.0080267456012559496
 0.019729146251999258
 0.026812862450337861
 0.029277894196268254
 0.027124241489791621
 0.020757055642053098
 0.01304618961540043
 0.0045514231068910973
 -0.0047272438834791066
 -0.014789811355705548
 -0.025571693501294648
 -0.03304410667076773
 -0.034815056132888794
 -0.030884541887656901
 -0.021252563935070124
 -0.0059191222751332675
 0.011327076779322823
 0.023252386342649436
 0.029680553641360193
 0.030611578675451848
 0.026045461444924874
 0.016717877885116875
 0.00697244705128542
 -0.0024785084181202059
 -0.011634988523104711
 -0.020496993263663523
 -0.028987214837593884
 -0.03417964792203966
 -0.034583523348168665
 -0.030198841115980698
 -0.02102560122547361
 -0.0070638036766519363
 0.0080905142292971542
 0.018548797652420568
 0.024226328699354094
 0.025123107370094905
 0.021239133664643445
 0.013466682751298201
 0.0062424308129022631
 0.000171519486089536
 -0.0047460512291430355
 -0.0085102813327929804
 -0.011113218664046839
 -0.012351034337592496
 -0.012134438486178643
 -0.010463431109805393
 -0.0073380122084719104
 -0.0027581817821797595
 0.0019635287761868249
 0.0049910762573116049
 0.0063120230154494299
 0.0059263690505996381
 0.0038341143627620231
 0.00051449559563604766
 -0.0020099307496915515
 -0.0035129305576951293
 -0.0039945038283754454
 -0.0034546505617322532
 -0.0019433118669736399
 -0.00038915044612616704
 0.00085790032314018365
 0.001797840440824787
 0.002430669906928115
 0.0027563887214498502
 0.0027891661930498431
 0.0025458327430485884
 0.0020264188951574008
 0.0012309246493765386
 0.00015935000570560599
 -0.0010588779889231499
 -0.0019574403828507368
 -0.0024943423403073262
 -0.0026695838612931879
 -0.0024831649458082333
 -0.0019581133183354986
 -0.0014198869929366717
 -0.00097386889525838773
 -0.00062005902530087127
 -0.00035845738306394457
 -0.00018906396854773822


