# Created by Octave 4.4.1, Tue Mar 05 17:49:49 2019 PST <petersson1@chebyshev.llnl.gov>
# name: tdt
# type: matrix
# rows: 1320
# columns: 1
 0
 0.11372251705837756
 0.22744503411675512
 0.3411675511751327
 0.45489006823351025
 0.56861258529188785
 0.6823351023502654
 0.79605761940864295
 0.90978013646702049
 1.0235026535253982
 1.1372251705837757
 1.2509476876421532
 1.3646702047005308
 1.4783927217589083
 1.5921152388172859
 1.7058377558756634
 1.819560272934041
 1.9332827899924185
 2.0470053070507963
 2.1607278241091739
 2.2744503411675514
 2.388172858225929
 2.5018953752843065
 2.615617892342684
 2.7293404094010616
 2.8430629264594391
 2.9567854435178167
 3.0705079605761942
 3.1842304776345718
 3.2979529946929493
 3.4116755117513269
 3.5253980288097044
 3.639120545868082
 3.7528430629264595
 3.8665655799848371
 3.9802880970432146
 4.0940106141015926
 4.2077331311599702
 4.3214556482183477
 4.4351781652767253
 4.5489006823351028
 4.6626231993934804
 4.7763457164518579
 4.8900682335102355
 5.003790750568613
 5.1175132676269905
 5.2312357846853681
 5.3449583017437456
 5.4586808188021232
 5.5724033358605007
 5.6861258529188783
 5.7998483699772558
 5.9135708870356334
 6.0272934040940109
 6.1410159211523885
 6.254738438210766
 6.3684609552691436
 6.4821834723275211
 6.5959059893858987
 6.7096285064442762
 6.8233510235026538
 6.9370735405610313
 7.0507960576194089
 7.1645185746777864
 7.278241091736164
 7.3919636087945415
 7.5056861258529191
 7.6194086429112966
 7.7331311599696742
 7.8468536770280517
 7.9605761940864292
 8.0742987111448077
 8.1880212282031852
 8.3017437452615628
 8.4154662623199403
 8.5291887793783179
 8.6429112964366954
 8.756633813495073
 8.8703563305534505
 8.9840788476118281
 9.0978013646702056
 9.2115238817285832
 9.3252463987869607
 9.4389689158453383
 9.5526914329037158
 9.6664139499620934
 9.7801364670204709
 9.8938589840788485
 10.007581501137226
 10.121304018195604
 10.235026535253981
 10.348749052312359
 10.462471569370736
 10.576194086429114
 10.689916603487491
 10.803639120545869
 10.917361637604246
 11.031084154662624
 11.144806671721001
 11.258529188779379
 11.372251705837757
 11.485974222896134
 11.599696739954512
 11.713419257012889
 11.827141774071267
 11.940864291129644
 12.054586808188022
 12.168309325246399
 12.282031842304777
 12.395754359363155
 12.509476876421532
 12.62319939347991
 12.736921910538287
 12.850644427596665
 12.964366944655042
 13.07808946171342
 13.191811978771797
 13.305534495830175
 13.419257012888552
 13.53297952994693
 13.646702047005308
 13.760424564063685
 13.874147081122063
 13.98786959818044
 14.101592115238818
 14.215314632297195
 14.329037149355573
 14.44275966641395
 14.556482183472328
 14.670204700530705
 14.783927217589083
 14.897649734647461
 15.011372251705838
 15.125094768764216
 15.238817285822593
 15.352539802880971
 15.466262319939348
 15.579984836997726
 15.693707354056103
 15.807429871114481
 15.921152388172858
 16.034874905231238
 16.148597422289615
 16.262319939347993
 16.37604245640637
 16.489764973464748
 16.603487490523126
 16.717210007581503
 16.830932524639881
 16.944655041698258
 17.058377558756636
 17.172100075815013
 17.285822592873391
 17.399545109931768
 17.513267626990146
 17.626990144048523
 17.740712661106901
 17.854435178165279
 17.968157695223656
 18.081880212282034
 18.195602729340411
 18.309325246398789
 18.423047763457166
 18.536770280515544
 18.650492797573921
 18.764215314632299
 18.877937831690677
 18.991660348749054
 19.105382865807432
 19.219105382865809
 19.332827899924187
 19.446550416982564
 19.560272934040942
 19.673995451099319
 19.787717968157697
 19.901440485216074
 20.015163002274452
 20.12888551933283
 20.242608036391207
 20.356330553449585
 20.470053070507962
 20.58377558756634
 20.697498104624717
 20.811220621683095
 20.924943138741472
 21.03866565579985
 21.152388172858227
 21.266110689916605
 21.379833206974983
 21.49355572403336
 21.607278241091738
 21.721000758150115
 21.834723275208493
 21.94844579226687
 22.062168309325248
 22.175890826383625
 22.289613343442003
 22.403335860500381
 22.517058377558758
 22.630780894617136
 22.744503411675513
 22.858225928733891
 22.971948445792268
 23.085670962850646
 23.199393479909023
 23.313115996967401
 23.426838514025778
 23.540561031084156
 23.654283548142534
 23.768006065200911
 23.881728582259289
 23.995451099317666
 24.109173616376044
 24.222896133434421
 24.336618650492799
 24.450341167551176
 24.564063684609554
 24.677786201667931
 24.791508718726309
 24.905231235784687
 25.018953752843064
 25.132676269901442
 25.246398786959819
 25.360121304018197
 25.473843821076574
 25.587566338134952
 25.701288855193329
 25.815011372251707
 25.928733889310084
 26.042456406368462
 26.15617892342684
 26.269901440485217
 26.383623957543595
 26.497346474601972
 26.61106899166035
 26.724791508718727
 26.838514025777105
 26.952236542835482
 27.06595905989386
 27.179681576952238
 27.293404094010615
 27.407126611068993
 27.52084912812737
 27.634571645185748
 27.748294162244125
 27.862016679302503
 27.97573919636088
 28.089461713419258
 28.203184230477635
 28.316906747536013
 28.430629264594391
 28.544351781652768
 28.658074298711146
 28.771796815769523
 28.885519332827901
 28.999241849886278
 29.112964366944656
 29.226686884003033
 29.340409401061411
 29.454131918119788
 29.567854435178166
 29.681576952236544
 29.795299469294921
 29.909021986353299
 30.022744503411676
 30.136467020470054
 30.250189537528431
 30.363912054586809
 30.477634571645186
 30.591357088703564
 30.705079605761942
 30.818802122820319
 30.932524639878697
 31.046247156937074
 31.159969673995452
 31.273692191053829
 31.387414708112207
 31.501137225170584
 31.614859742228962
 31.728582259287339
 31.842304776345717
 31.956027293404095
 32.069749810462476
 32.183472327520853
 32.297194844579231
 32.410917361637608
 32.524639878695986
 32.638362395754363
 32.752084912812741
 32.865807429871118
 32.979529946929496
 33.093252463987874
 33.206974981046251
 33.320697498104629
 33.434420015163006
 33.548142532221384
 33.661865049279761
 33.775587566338139
 33.889310083396516
 34.003032600454894
 34.116755117513272
 34.230477634571649
 34.344200151630027
 34.457922668688404
 34.571645185746782
 34.685367702805159
 34.799090219863537
 34.912812736921914
 35.026535253980292
 35.140257771038669
 35.253980288097047
 35.367702805155425
 35.481425322213802
 35.59514783927218
 35.708870356330557
 35.822592873388935
 35.936315390447312
 36.05003790750569
 36.163760424564067
 36.277482941622445
 36.391205458680822
 36.5049279757392
 36.618650492797578
 36.732373009855955
 36.846095526914333
 36.95981804397271
 37.073540561031088
 37.187263078089465
 37.300985595147843
 37.41470811220622
 37.528430629264598
 37.642153146322975
 37.755875663381353
 37.869598180439731
 37.983320697498108
 38.097043214556486
 38.210765731614863
 38.324488248673241
 38.438210765731618
 38.551933282789996
 38.665655799848373
 38.779378316906751
 38.893100833965129
 39.006823351023506
 39.120545868081884
 39.234268385140261
 39.347990902198639
 39.461713419257016
 39.575435936315394
 39.689158453373771
 39.802880970432149
 39.916603487490526
 40.030326004548904
 40.144048521607282
 40.257771038665659
 40.371493555724037
 40.485216072782414
 40.598938589840792
 40.712661106899169
 40.826383623957547
 40.940106141015924
 41.053828658074302
 41.167551175132679
 41.281273692191057
 41.394996209249435
 41.508718726307812
 41.62244124336619
 41.736163760424567
 41.849886277482945
 41.963608794541322
 42.0773313115997
 42.191053828658077
 42.304776345716455
 42.418498862774833
 42.53222137983321
 42.645943896891588
 42.759666413949965
 42.873388931008343
 42.98711144806672
 43.100833965125098
 43.214556482183475
 43.328278999241853
 43.44200151630023
 43.555724033358608
 43.669446550416986
 43.783169067475363
 43.896891584533741
 44.010614101592118
 44.124336618650496
 44.238059135708873
 44.351781652767251
 44.465504169825628
 44.579226686884006
 44.692949203942383
 44.806671721000761
 44.920394238059139
 45.034116755117516
 45.147839272175894
 45.261561789234271
 45.375284306292649
 45.489006823351026
 45.602729340409404
 45.716451857467781
 45.830174374526159
 45.943896891584536
 46.057619408642914
 46.171341925701292
 46.285064442759669
 46.398786959818047
 46.512509476876424
 46.626231993934802
 46.739954510993179
 46.853677028051557
 46.967399545109934
 47.081122062168312
 47.19484457922669
 47.308567096285067
 47.422289613343445
 47.536012130401822
 47.6497346474602
 47.763457164518577
 47.877179681576955
 47.990902198635332
 48.10462471569371
 48.218347232752087
 48.332069749810465
 48.445792266868843
 48.55951478392722
 48.673237300985598
 48.786959818043975
 48.900682335102353
 49.01440485216073
 49.128127369219108
 49.241849886277485
 49.355572403335863
 49.46929492039424
 49.583017437452618
 49.696739954510996
 49.810462471569373
 49.924184988627751
 50.037907505686128
 50.151630022744506
 50.265352539802883
 50.379075056861261
 50.492797573919638
 50.606520090978016
 50.720242608036394
 50.833965125094771
 50.947687642153149
 51.061410159211526
 51.175132676269904
 51.288855193328281
 51.402577710386659
 51.516300227445036
 51.630022744503414
 51.743745261561791
 51.857467778620169
 51.971190295678547
 52.084912812736924
 52.198635329795302
 52.312357846853679
 52.426080363912057
 52.539802880970434
 52.653525398028812
 52.767247915087189
 52.880970432145567
 52.994692949203944
 53.108415466262322
 53.2221379833207
 53.335860500379077
 53.449583017437455
 53.563305534495832
 53.67702805155421
 53.790750568612587
 53.904473085670965
 54.018195602729342
 54.13191811978772
 54.245640636846097
 54.359363153904475
 54.473085670962853
 54.58680818802123
 54.700530705079608
 54.814253222137985
 54.927975739196363
 55.04169825625474
 55.155420773313118
 55.269143290371495
 55.382865807429873
 55.496588324488251
 55.610310841546628
 55.724033358605006
 55.837755875663383
 55.951478392721761
 56.065200909780138
 56.178923426838516
 56.292645943896893
 56.406368460955271
 56.520090978013648
 56.633813495072026
 56.747536012130404
 56.861258529188781
 56.974981046247159
 57.088703563305536
 57.202426080363914
 57.316148597422291
 57.429871114480669
 57.543593631539046
 57.657316148597424
 57.771038665655801
 57.884761182714179
 57.998483699772557
 58.112206216830934
 58.225928733889312
 58.339651250947689
 58.453373768006067
 58.567096285064444
 58.680818802122822
 58.794541319181199
 58.908263836239577
 59.021986353297955
 59.135708870356332
 59.24943138741471
 59.363153904473087
 59.476876421531465
 59.590598938589842
 59.70432145564822
 59.818043972706597
 59.931766489764975
 60.045489006823352
 60.15921152388173
 60.272934040940108
 60.386656557998485
 60.500379075056863
 60.61410159211524
 60.727824109173618
 60.841546626231995
 60.955269143290373
 61.06899166034875
 61.182714177407128
 61.296436694465505
 61.410159211523883
 61.523881728582261
 61.637604245640638
 61.751326762699016
 61.865049279757393
 61.978771796815771
 62.092494313874148
 62.206216830932526
 62.319939347990903
 62.433661865049281
 62.547384382107658
 62.661106899166036
 62.774829416224414
 62.888551933282791
 63.002274450341169
 63.115996967399546
 63.229719484457924
 63.343442001516301
 63.457164518574679
 63.570887035633056
 63.684609552691434
 63.798332069749812
 63.912054586808189
 64.025777103866574
 64.139499620924951
 64.253222137983329
 64.366944655041706
 64.480667172100084
 64.594389689158461
 64.708112206216839
 64.821834723275217
 64.935557240333594
 65.049279757391972
 65.163002274450349
 65.276724791508727
 65.390447308567104
 65.504169825625482
 65.617892342683859
 65.731614859742237
 65.845337376800614
 65.959059893858992
 66.07278241091737
 66.186504927975747
 66.300227445034125
 66.413949962092502
 66.52767247915088
 66.641394996209257
 66.755117513267635
 66.868840030326012
 66.98256254738439
 67.096285064442768
 67.210007581501145
 67.323730098559523
 67.4374526156179
 67.551175132676278
 67.664897649734655
 67.778620166793033
 67.89234268385141
 68.006065200909788
 68.119787717968165
 68.233510235026543
 68.347232752084921
 68.460955269143298
 68.574677786201676
 68.688400303260053
 68.802122820318431
 68.915845337376808
 69.029567854435186
 69.143290371493563
 69.257012888551941
 69.370735405610318
 69.484457922668696
 69.598180439727074
 69.711902956785451
 69.825625473843829
 69.939347990902206
 70.053070507960584
 70.166793025018961
 70.280515542077339
 70.394238059135716
 70.507960576194094
 70.621683093252472
 70.735405610310849
 70.849128127369227
 70.962850644427604
 71.076573161485982
 71.190295678544359
 71.304018195602737
 71.417740712661114
 71.531463229719492
 71.645185746777869
 71.758908263836247
 71.872630780894625
 71.986353297953002
 72.10007581501138
 72.213798332069757
 72.327520849128135
 72.441243366186512
 72.55496588324489
 72.668688400303267
 72.782410917361645
 72.896133434420022
 73.0098559514784
 73.123578468536778
 73.237300985595155
 73.351023502653533
 73.46474601971191
 73.578468536770288
 73.692191053828665
 73.805913570887043
 73.91963608794542
 74.033358605003798
 74.147081122062175
 74.260803639120553
 74.374526156178931
 74.488248673237308
 74.601971190295686
 74.715693707354063
 74.829416224412441
 74.943138741470818
 75.056861258529196
 75.170583775587573
 75.284306292645951
 75.398028809704329
 75.511751326762706
 75.625473843821084
 75.739196360879461
 75.852918877937839
 75.966641394996216
 76.080363912054594
 76.194086429112971
 76.307808946171349
 76.421531463229726
 76.535253980288104
 76.648976497346482
 76.762699014404859
 76.876421531463237
 76.990144048521614
 77.103866565579992
 77.217589082638369
 77.331311599696747
 77.445034116755124
 77.558756633813502
 77.672479150871879
 77.786201667930257
 77.899924184988635
 78.013646702047012
 78.12736921910539
 78.241091736163767
 78.354814253222145
 78.468536770280522
 78.5822592873389
 78.695981804397277
 78.809704321455655
 78.923426838514033
 79.03714935557241
 79.150871872630788
 79.264594389689165
 79.378316906747543
 79.49203942380592
 79.605761940864298
 79.719484457922675
 79.833206974981053
 79.94692949203943
 80.060652009097808
 80.174374526156186
 80.288097043214563
 80.401819560272941
 80.515542077331318
 80.629264594389696
 80.742987111448073
 80.856709628506451
 80.970432145564828
 81.084154662623206
 81.197877179681583
 81.311599696739961
 81.425322213798339
 81.539044730856716
 81.652767247915094
 81.766489764973471
 81.880212282031849
 81.993934799090226
 82.107657316148604
 82.221379833206981
 82.335102350265359
 82.448824867323736
 82.562547384382114
 82.676269901440492
 82.789992418498869
 82.903714935557247
 83.017437452615624
 83.131159969674002
 83.244882486732379
 83.358605003790757
 83.472327520849134
 83.586050037907512
 83.69977255496589
 83.813495072024267
 83.927217589082645
 84.040940106141022
 84.1546626231994
 84.268385140257777
 84.382107657316155
 84.495830174374532
 84.60955269143291
 84.723275208491287
 84.836997725549665
 84.950720242608043
 85.06444275966642
 85.178165276724798
 85.291887793783175
 85.405610310841553
 85.51933282789993
 85.633055344958308
 85.746777862016685
 85.860500379075063
 85.97422289613344
 86.087945413191818
 86.201667930250196
 86.315390447308573
 86.429112964366951
 86.542835481425328
 86.656557998483706
 86.770280515542083
 86.884003032600461
 86.997725549658838
 87.111448066717216
 87.225170583775594
 87.338893100833971
 87.452615617892349
 87.566338134950726
 87.680060652009104
 87.793783169067481
 87.907505686125859
 88.021228203184236
 88.134950720242614
 88.248673237300991
 88.362395754359369
 88.476118271417747
 88.589840788476124
 88.703563305534502
 88.817285822592879
 88.931008339651257
 89.044730856709634
 89.158453373768012
 89.272175890826389
 89.385898407884767
 89.499620924943144
 89.613343442001522
 89.7270659590599
 89.840788476118277
 89.954510993176655
 90.068233510235032
 90.18195602729341
 90.295678544351787
 90.409401061410165
 90.523123578468542
 90.63684609552692
 90.750568612585298
 90.864291129643675
 90.978013646702053
 91.09173616376043
 91.205458680818808
 91.319181197877185
 91.432903714935563
 91.54662623199394
 91.660348749052318
 91.774071266110695
 91.887793783169073
 92.001516300227451
 92.115238817285828
 92.228961334344206
 92.342683851402583
 92.456406368460961
 92.570128885519338
 92.683851402577716
 92.797573919636093
 92.911296436694471
 93.025018953752848
 93.138741470811226
 93.252463987869604
 93.366186504927981
 93.479909021986359
 93.593631539044736
 93.707354056103114
 93.821076573161491
 93.934799090219869
 94.048521607278246
 94.162244124336624
 94.275966641395001
 94.389689158453379
 94.503411675511757
 94.617134192570134
 94.730856709628512
 94.844579226686889
 94.958301743745267
 95.072024260803644
 95.185746777862022
 95.299469294920399
 95.413191811978777
 95.526914329037155
 95.640636846095532
 95.75435936315391
 95.868081880212287
 95.981804397270665
 96.095526914329042
 96.20924943138742
 96.322971948445797
 96.436694465504175
 96.550416982562552
 96.66413949962093
 96.777862016679308
 96.891584533737685
 97.005307050796063
 97.11902956785444
 97.232752084912818
 97.346474601971195
 97.460197119029573
 97.57391963608795
 97.687642153146328
 97.801364670204705
 97.915087187263083
 98.028809704321461
 98.142532221379838
 98.256254738438216
 98.369977255496593
 98.483699772554971
 98.597422289613348
 98.711144806671726
 98.824867323730103
 98.938589840788481
 99.052312357846859
 99.166034874905236
 99.279757391963614
 99.393479909021991
 99.507202426080369
 99.620924943138746
 99.734647460197124
 99.848369977255501
 99.962092494313879
 100.07581501137226
 100.18953752843063
 100.30326004548901
 100.41698256254739
 100.53070507960577
 100.64442759666414
 100.75815011372252
 100.8718726307809
 100.98559514783928
 101.09931766489765
 101.21304018195603
 101.32676269901441
 101.44048521607279
 101.55420773313116
 101.66793025018954
 101.78165276724792
 101.8953752843063
 102.00909780136467
 102.12282031842305
 102.23654283548143
 102.35026535253981
 102.46398786959818
 102.57771038665656
 102.69143290371494
 102.80515542077332
 102.9188779378317
 103.03260045489007
 103.14632297194845
 103.26004548900683
 103.37376800606521
 103.48749052312358
 103.60121304018196
 103.71493555724034
 103.82865807429872
 103.94238059135709
 104.05610310841547
 104.16982562547385
 104.28354814253223
 104.3972706595906
 104.51099317664898
 104.62471569370736
 104.73843821076574
 104.85216072782411
 104.96588324488249
 105.07960576194087
 105.19332827899925
 105.30705079605762
 105.420773313116
 105.53449583017438
 105.64821834723276
 105.76194086429113
 105.87566338134951
 105.98938589840789
 106.10310841546627
 106.21683093252464
 106.33055344958302
 106.4442759666414
 106.55799848369978
 106.67172100075815
 106.78544351781653
 106.89916603487491
 107.01288855193329
 107.12661106899166
 107.24033358605004
 107.35405610310842
 107.4677786201668
 107.58150113722517
 107.69522365428355
 107.80894617134193
 107.92266868840031
 108.03639120545868
 108.15011372251706
 108.26383623957544
 108.37755875663382
 108.49128127369219
 108.60500379075057
 108.71872630780895
 108.83244882486733
 108.94617134192571
 109.05989385898408
 109.17361637604246
 109.28733889310084
 109.40106141015922
 109.51478392721759
 109.62850644427597
 109.74222896133435
 109.85595147839273
 109.9696739954511
 110.08339651250948
 110.19711902956786
 110.31084154662624
 110.42456406368461
 110.53828658074299
 110.65200909780137
 110.76573161485975
 110.87945413191812
 110.9931766489765
 111.10689916603488
 111.22062168309326
 111.33434420015163
 111.44806671721001
 111.56178923426839
 111.67551175132677
 111.78923426838514
 111.90295678544352
 112.0166793025019
 112.13040181956028
 112.24412433661865
 112.35784685367703
 112.47156937073541
 112.58529188779379
 112.69901440485216
 112.81273692191054
 112.92645943896892
 113.0401819560273
 113.15390447308567
 113.26762699014405
 113.38134950720243
 113.49507202426081
 113.60879454131918
 113.72251705837756
 113.83623957543594
 113.94996209249432
 114.06368460955269
 114.17740712661107
 114.29112964366945
 114.40485216072783
 114.51857467778621
 114.63229719484458
 114.74601971190296
 114.85974222896134
 114.97346474601972
 115.08718726307809
 115.20090978013647
 115.31463229719485
 115.42835481425323
 115.5420773313116
 115.65579984836998
 115.76952236542836
 115.88324488248674
 115.99696739954511
 116.11068991660349
 116.22441243366187
 116.33813495072025
 116.45185746777862
 116.565579984837
 116.67930250189538
 116.79302501895376
 116.90674753601213
 117.02047005307051
 117.13419257012889
 117.24791508718727
 117.36163760424564
 117.47536012130402
 117.5890826383624
 117.70280515542078
 117.81652767247915
 117.93025018953753
 118.04397270659591
 118.15769522365429
 118.27141774071266
 118.38514025777104
 118.49886277482942
 118.6125852918878
 118.72630780894617
 118.84003032600455
 118.95375284306293
 119.06747536012131
 119.18119787717968
 119.29492039423806
 119.40864291129644
 119.52236542835482
 119.63608794541319
 119.74981046247157
 119.86353297952995
 119.97725549658833
 120.0909780136467
 120.20470053070508
 120.31842304776346
 120.43214556482184
 120.54586808188022
 120.65959059893859
 120.77331311599697
 120.88703563305535
 121.00075815011373
 121.1144806671721
 121.22820318423048
 121.34192570128886
 121.45564821834724
 121.56937073540561
 121.68309325246399
 121.79681576952237
 121.91053828658075
 122.02426080363912
 122.1379833206975
 122.25170583775588
 122.36542835481426
 122.47915087187263
 122.59287338893101
 122.70659590598939
 122.82031842304777
 122.93404094010614
 123.04776345716452
 123.1614859742229
 123.27520849128128
 123.38893100833965
 123.50265352539803
 123.61637604245641
 123.73009855951479
 123.84382107657316
 123.95754359363154
 124.07126611068992
 124.1849886277483
 124.29871114480667
 124.41243366186505
 124.52615617892343
 124.63987869598181
 124.75360121304018
 124.86732373009856
 124.98104624715694
 125.09476876421532
 125.20849128127369
 125.32221379833207
 125.43593631539045
 125.54965883244883
 125.6633813495072
 125.77710386656558
 125.89082638362396
 126.00454890068234
 126.11827141774071
 126.23199393479909
 126.34571645185747
 126.45943896891585
 126.57316148597423
 126.6868840030326
 126.80060652009098
 126.91432903714936
 127.02805155420774
 127.14177407126611
 127.25549658832449
 127.36921910538287
 127.48294162244125
 127.59666413949962
 127.710386656558
 127.82410917361638
 127.93783169067476
 128.05155420773315
 128.16527672479151
 128.2789992418499
 128.39272175890827
 128.50644427596666
 128.62016679302502
 128.73388931008341
 128.84761182714178
 128.96133434420017
 129.07505686125853
 129.18877937831692
 129.30250189537529
 129.41622441243368
 129.52994692949204
 129.64366944655043
 129.7573919636088
 129.87111448066719
 129.98483699772555
 130.09855951478394
 130.21228203184231
 130.3260045489007
 130.43972706595906
 130.55344958301745
 130.66717210007582
 130.78089461713421
 130.89461713419257
 131.00833965125096
 131.12206216830933
 131.23578468536772
 131.34950720242608
 131.46322971948447
 131.57695223654284
 131.69067475360123
 131.80439727065959
 131.91811978771798
 132.03184230477635
 132.14556482183474
 132.2592873388931
 132.37300985595149
 132.48673237300986
 132.60045489006825
 132.71417740712661
 132.827899924185
 132.94162244124337
 133.05534495830176
 133.16906747536012
 133.28278999241851
 133.39651250947688
 133.51023502653527
 133.62395754359363
 133.73768006065202
 133.85140257771039
 133.96512509476878
 134.07884761182714
 134.19257012888554
 134.3062926459439
 134.42001516300229
 134.53373768006065
 134.64746019711905
 134.76118271417741
 134.8749052312358
 134.98862774829416
 135.10235026535256
 135.21607278241092
 135.32979529946931
 135.44351781652767
 135.55724033358607
 135.67096285064443
 135.78468536770282
 135.89840788476118
 136.01213040181958
 136.12585291887794
 136.23957543593633
 136.35329795299469
 136.46702047005309
 136.58074298711145
 136.69446550416984
 136.8081880212282
 136.9219105382866
 137.03563305534496
 137.14935557240335
 137.26307808946171
 137.37680060652011
 137.49052312357847
 137.60424564063686
 137.71796815769522
 137.83169067475362
 137.94541319181198
 138.05913570887037
 138.17285822592874
 138.28658074298713
 138.40030326004549
 138.51402577710388
 138.62774829416225
 138.74147081122064
 138.855193328279
 138.96891584533739
 139.08263836239576
 139.19636087945415
 139.31008339651251
 139.4238059135709
 139.53752843062927
 139.65125094768766
 139.76497346474602
 139.87869598180441
 139.99241849886278
 140.10614101592117
 140.21986353297953
 140.33358605003792
 140.44730856709629
 140.56103108415468
 140.67475360121304
 140.78847611827143
 140.9021986353298
 141.01592115238819
 141.12964366944655
 141.24336618650494
 141.35708870356331
 141.4708112206217
 141.58453373768006
 141.69825625473845
 141.81197877179682
 141.92570128885521
 142.03942380591357
 142.15314632297196
 142.26686884003033
 142.38059135708872
 142.49431387414708
 142.60803639120547
 142.72175890826384
 142.83548142532223
 142.94920394238059
 143.06292645943898
 143.17664897649735
 143.29037149355574
 143.4040940106141
 143.51781652767249
 143.63153904473086
 143.74526156178925
 143.85898407884761
 143.972706595906
 144.08642911296437
 144.20015163002276
 144.31387414708112
 144.42759666413951
 144.54131918119788
 144.65504169825627
 144.76876421531463
 144.88248673237302
 144.99620924943139
 145.10993176648978
 145.22365428354814
 145.33737680060653
 145.4510993176649
 145.56482183472329
 145.67854435178165
 145.79226686884004
 145.90598938589841
 146.0197119029568
 146.13343442001516
 146.24715693707356
 146.36087945413192
 146.47460197119031
 146.58832448824867
 146.70204700530707
 146.81576952236543
 146.92949203942382
 147.04321455648218
 147.15693707354058
 147.27065959059894
 147.38438210765733
 147.49810462471569
 147.61182714177409
 147.72554965883245
 147.83927217589084
 147.9529946929492
 148.0667172100076
 148.18043972706596
 148.29416224412435
 148.40788476118271
 148.52160727824111
 148.63532979529947
 148.74905231235786
 148.86277482941622
 148.97649734647462
 149.09021986353298
 149.20394238059137
 149.31766489764973
 149.43138741470813
 149.54510993176649
 149.65883244882488
 149.77255496588324
 149.88627748294164
 150


