0.05   0.997852968275677 0.0019339211334892 0.000213110590834013   0.997212640240657 0.00257482190062563 0.000212537858717277   0.996111569860917 0.00367686572775573 0.000211564411326324   0.994499533932832 0.00529030086975969 0.000210165197409609   0.992307355409365 0.00748433301128843 0.000208311579346327   0.989448063188691 0.0103459593898751 0.000205977421435203   0.985818415393675 0.0139784381985348 0.000203146407788897   0.981300805620403 0.0184993741969219 0.00019982018267709   0.975765570914281 0.0240384022843399 0.000196026801379037
0.09999999999999999   0.996670849237952 0.00311653760916828 0.000212613152879915   0.994229841743709 0.00555968800486783 0.000210470251423129   0.989725021455213 0.0100682786026045 0.000206699942182259   0.982529180273142 0.0172696683459805 0.000201151380879287   0.971820835809475 0.0279852828567062 0.000193881333819405   0.95664394184956 0.0431707009165049 0.00018535723393568   0.935987497361139 0.0638358794167086 0.000176623222150908   0.908884534622232 0.0909461025874623 0.00016936279030626   0.874527237409238 0.125306966665455 0.000165795925307577
0.15000000000000002   0.995262567995093 0.00452551413753971 0.000211917867368959   0.990072800441844 0.00971970931161536 0.00020749024654225   0.979736252299642 0.0200641698918801 0.00019957780847556   0.961947063563929 0.0378644964854712 0.000188439950601592   0.933945512813315 0.0658783714781912 0.000176115708496105   0.893012673566223 0.106820258254418 0.000167068179358842   0.837098316752355 0.162733974233427 0.000167709014216463   0.765508125727086 0.23430745692766 0.000184417345253803   0.679511458064181 0.320268108345827 0.000220433589993176
0.2   0.993766964999018 0.006021883445663 0.000211151555320207   0.98525172130488 0.0145441491735853 0.000204129521533279   0.967190644613603 0.0326175765441258 0.000191778842269221   0.934619604575016 0.0652038523721953 0.000176543052791482   0.882341873587817 0.117491938239885 0.000166188172299533   0.80670117428337 0.19312595540251 0.000172870314122264   0.707552697961539 0.292240211113594 0.000207090924866629   0.589789971032596 0.409941287206821 0.000268741760582271   0.463561976892878 0.536096074624257 0.000341948482865923
0.25   0.992325748232366 0.00746381300850366 0.000210438759132194   0.980460123065236 0.0193389021602909 0.000200974774475308   0.954148211129697 0.0456668064778212 0.000184982392479428   0.905550619896134 0.0942803374237888 0.000169042680078941   0.827755811787121 0.172075315756654 0.000168872456225116   0.718592274237661 0.281205605605187 0.000202120157152267   0.58404732544494 0.41568072132096 0.000271953234097121   0.439193616463341 0.560451146856645 0.000355236680014274   0.304752284783627 0.694835016191392 0.00041269902498218
0.30000000000000004   0.991064031848623 0.00872608349234434 0.000209884659034568   0.976440362353611 0.0233611124386032 0.000198525207785073   0.943106849914194 0.0567129507586209 0.00018019932718137   0.880926419809238 0.118907436583294 0.000166143607468262   0.782452546880167 0.217368605161958 0.000178847957873802   0.648766623681997 0.350997564878135 0.000235811439869064   0.49347747255848 0.506197711087977 0.000324816353541275   0.341035634283116 0.658563555626985 0.000400810089898197   0.217549972641438 0.782028076312806 0.000421951045757551
0.35000000000000003   0.990070529691626 0.00971990968654059 0.000209560621835634   0.973790339287952 0.0260125645899997 0.000197096122047956   0.936168163485755 0.0636541931730505 0.00017764334119147   0.865759338936519 0.134074955458378 0.000165705605104653   0.755218803602928 0.24459367712661 0.000187519270461435   0.608420220148719 0.391321869571895 0.000257910279387724   0.444337481405464 0.555310131510689 0.00035238708384459   0.292681992454039 0.706902548650547 0.00041545889541436   0.180395699115213 0.819190398334546 0.000413902550243319
0.4   0.989384128826232 0.0104063748914633 0.000209496282306085   0.972808903405654 0.0269942944804722 0.000196802113876439   0.934414423884794 0.0654084470179647 0.000177129097235859   0.862502839239844 0.137331473743301 0.000165687016855904   0.749730584117897 0.250079983677685 0.000189432204417407   0.600527349783591 0.399210256398718 0.000262393817692011   0.435009935686072 0.56463269395437 0.000357370359557004   0.283979116418197 0.715603702887345 0.000417180694457895   0.174353513848705 0.825235171313216 0.000411314838079783
0.45000000000000007   0.988991198767629 0.0107991217400952 0.000209679492275256   0.973440618438074 0.0263617961101183 0.000197585451808659   0.937701329886764 0.0621202086929533 0.00017846142027842   0.870794977958926 0.129039411876209 0.000165610164864665   0.765104676136222 0.234711322794937 0.000184001068840904   0.623184907395078 0.376565431037064 0.000249661567859883   0.462055295951054 0.537602072413658 0.000342631635287196   0.309847511137434 0.689741777233776 0.000410711628788424   0.193540757639829 0.806042664483535 0.000416577876639003
0.5   0.98883398008987 0.0109559566642065 0.000210063245926872   0.975328391077626 0.024472358168361 0.000199250754014819   0.944844173022061 0.0549743241550008 0.000181502822937298   0.887940824833842 0.111892684718477 0.000166490447682366   0.796881133700044 0.202944193405144 0.000174672894812461   0.671153646668016 0.328622180941492 0.000224172390493959   0.521846121602766 0.477845571248095 0.000308307149137549   0.370767751492423 0.628843753021978 0.000388495485598838   0.242821732704786 0.756756871995846 0.00042139529936984
0.55   0.988826757506947 0.0109626650812595 0.000210577411797115   0.977941054172331 0.0218574469652591 0.000201498862410467   0.954066612406333 0.0457474020283615 0.000185985565304258   0.909831327129008 0.0899989451019984 0.000169727768994732   0.838038470113587 0.161794561000151 0.000166968886262051   0.735654691691759 0.264150552522446 0.000194755785797057   0.60740384644018 0.392337609868915 0.000258543690902164   0.466444948426446 0.533214838702645 0.000340212870909658   0.331663480040083 0.667932233082886 0.000404286877032571
0.6   0.988874654108933 0.0109142033545611 0.000211142536508809   0.980722777980896 0.0190732486118034 0.000203973407304192   0.963540384368719 0.0362682795570085 0.000191336074270616   0.932119025973918 0.0677051751985702 0.000175798827513778   0.880531948071527 0.119302613944957 0.000165437983515331   0.804846106813785 0.19498126464896 0.00017262853725817   0.705291918354833 0.294500341207673 0.000207740437492717   0.587058195019657 0.41267163807537 0.000270166904972135   0.460853586542154 0.538803090503213 0.000343322954634516
0.65   0.988890161371286 0.0108981557040791 0.000211682924636742   0.983213371724667 0.0165803037776956 0.000206324497640224   0.971834467304692 0.0279688068344686 0.000196725860835995   0.951358169420971 0.0484581486048225 0.000183681974207528   0.917435990250704 0.0823931933519326 0.00017081639736242   0.866723715070874 0.133111398692923 0.000164886236204047   0.797613465637936 0.202212254286333 0.000174280075728925   0.710457702706631 0.289337003305946 0.000205293987422328   0.609254132117925 0.390489028742497 0.000256839139579413
0.7000000000000001   0.988804385059764 0.010983478218834 0.000212136721403277   0.98510911659536 0.0146826116841781 0.000208271720464717   0.978134057349784 0.021664609823688 0.000201332826523986   0.9656835891913 0.0341249735522422 0.000191437256458643   0.94476753993798 0.0550525653110473 0.000179894750972085   0.913231948578028 0.0865985383446525 0.000169513077318722   0.869407928133524 0.13042732731293 0.000164744553545295   0.811949925342084 0.18787913158612 0.00017094307179589   0.741406811223553 0.258400838294941 0.000192350481509374
0.75   0.988572359184104 0.0112151789853375 0.000212461830560987   0.986263005869694 0.0135273533744885 0.000209640755820399   0.982197200608206 0.0175981972846475 0.000204602107141153   0.974761991183848 0.0250406675234317 0.000197341292719776   0.961842448508621 0.03796923992518 0.000188311566197276   0.942299892844794 0.0575216318338466 0.000178475321358964   0.914890512720023 0.0849397376023144 0.000169749677659433   0.878215841256516 0.121619136786332 0.00016502195714987   0.831955002122926 0.167877275389464 0.000167722487611341
0.8   0.988173603961794 0.0116137582401851 0.000212637798023007   0.986647397867225 0.0131422382971997 0.000210363835579266   0.984142102771604 0.0156515729818932 0.00020632424649615   0.979171368718961 0.0206280764432236 0.000200554837814912   0.970050861700824 0.0297558582844193 0.000193280014755017   0.956202748410486 0.0436123997447051 0.000184851844810003   0.936605192468323 0.0632185732456613 0.000176234286012829   0.910248493538973 0.0895825083017718 0.000168998159250446   0.877008483093452 0.122826393063577 0.000165123842975082
0.85   0.987609808463434 0.0121775268564808 0.000212664680087715   0.986310185840742 0.0134793567401389 0.000210457419124984   0.984220834469186 0.0155726204972875 0.000206545033518522   0.979687317905728 0.0201116715847703 0.000201010509502038   0.97114442842093 0.0286615276785515 0.000194043900515655   0.958146404457553 0.0416676817917321 0.000185913750712875   0.939588133735976 0.0602343783533003 0.000177487910721761   0.914827545413368 0.0850023598063515 0.000170094780278144   0.883926493713782 0.115908134891663 0.000165371394555951
0.9   0.986901183471754 0.0128862564678396 0.000212560060407357   0.985346378439376 0.0144436229912883 0.000209998569340511   0.982698593121637 0.0170959548777684 0.000205452000589621   0.976907053231996 0.0228939086133938 0.000199038154608917   0.966273193059802 0.0335357791387283 0.000191027801467727   0.950109246133423 0.0497087878528347 0.000181966013740212   0.927011333132536 0.0728154398721883 0.000173226995274398   0.896579380023526 0.103253907712813 0.000166712263658364   0.858680306341881 0.141154971186904 0.000164722471216887
0.9500000000000001   0.986082205008827 0.0137054400152685 0.000212354975905516   0.983889087459194 0.0159018020318864 0.000209110508923338   0.979859765623316 0.0199369029792069 0.000203331397471048   0.971311445691521 0.0284933453848826 0.000195208923594606   0.956148677492439 0.0436659852978333 0.000185337209725103   0.93310660061236 0.0667183061401048 0.000175093247534977   0.900406377430542 0.0994264783435391 0.000167144225914771   0.857839594219164 0.141995562093179 0.000164843687654879   0.804998387206442 0.194829665797984 0.000171946995576992
1.0   0.985196788861123 0.0145911220747592 0.00021208906411788   0.982109275103427 0.0176827723682868 0.000207952528287313   0.976076327860943 0.0237231054148589 0.000200566724193545   0.963549350884978 0.0362603144813732 0.000190334633647046   0.941792602760302 0.0580287706720144 0.000178626567682595   0.908748804207565 0.0910827412694138 0.000168454523018819   0.862427275422366 0.137408096928267 0.000164627649365618   0.803038085197095 0.196789541049696 0.000172373753206793   0.730537462452747 0.269266394001504 0.000196143545751779
1.0499999999999998   0.984292770818235 0.0154954240517893 0.000211805129973576   0.980209683447985 0.0195836118988768 0.000206704653139236   0.971850368601862 0.0279520236692532 0.000197607728879424   0.954638781356391 0.0451758685090821 0.000185350134522823   0.925064956768049 0.0747624213445761 0.000172621887376661   0.880283155995257 0.11955205421638 0.000164789788360734   0.818526487153608 0.181304413392502 0.000169099453887266   0.740928153210954 0.258880082666791 0.000191764122253424   0.648917301323311 0.350847706097547 0.000234992579144137
1.0999999999999999   0.983415889035206 0.0163725674146421 0.000211543550149489   0.978404722287516 0.0213897335785485 0.000205544133937209   0.967779141262319 0.0320259662224582 0.000194892515219442   0.945913188614711 0.053905757357386 0.000181054027900448   0.908549338437557 0.0912822711538996 0.000168390408543979   0.852261459832429 0.147573716959409 0.000164823208161398   0.776031513170421 0.223789039868484 0.000179446961095185   0.682358128728641 0.317424248236925 0.000217623034433223   0.574989842310965 0.424733789451828 0.000276368237210577
1.15   0.982603961066408 0.0171847017163243 0.000211337217265541   0.976888602693853 0.022906777936402 0.000204619369744544   0.964449842587219 0.0353573928035193 0.000192764609255816   0.938746007169873 0.0610760817430898 0.000177911087035391   0.894932044955377 0.104901929022019 0.000166026022603428   0.829281738718395 0.17055110847045 0.000167152811154766   0.741838462865295 0.257970309655265 0.000191227479438781   0.636452916069627 0.363305643253545 0.00024144067682526   0.519270462226625 0.480420592618007 0.000308945155372095
1.2   0.981882256502971 0.0179065356899536 0.000211207807073549   0.97580184529285 0.0239941251912839 0.000204029515868971   0.962312168941225 0.0374964024164615 0.000191428642309882   0.934211026524088 0.0656129204270951 0.000176053048814369   0.886290968011835 0.113544051568941 0.000164980419222838   0.814749567444054 0.185080880975558 0.000169551580386712   0.720610970541637 0.279189205187259 0.000199824271102873   0.608509888645505 0.391233137132778 0.000256974221712699   0.486329489173414 0.513342534869432 0.000327975957157768
1.25   0.981260980142113 0.018527855909737 0.000211163948148646   0.975207871170293 0.0245883140978743 0.000203814731834449   0.961582779033305 0.0382262701427475 0.000190950823943889   0.932834479948838 0.0669901014561332 0.000175418595026966   0.883628826883219 0.11620651590519 0.000164657211590236   0.810225488564928 0.189604129271139 0.000170382163931362   0.714212435884361 0.285584994304193 0.000202569811444956   0.600109002535822 0.399629254714905 0.000261742749270187   0.476473982713073 0.523192498782891 0.000333518504040421
1.2999999999999998   0.980735325079609 0.019053473438466 0.000211201481920704   0.975087224195394 0.0247088184324525 0.000203957372152363   0.962214969326011 0.0375937486570839 0.000191282016902863   0.934518413998437 0.0653056992961505 0.000175886705409211   0.886759934884374 0.113075259172374 0.000164805943250413   0.815372414758097 0.184458319247013 0.000169265994886668   0.721972425468837 0.277828396163429 0.000199178367732407   0.610084454047141 0.389659509038183 0.000256036914674302   0.487832332179061 0.511840710276423 0.000326957544519715
1.3499999999999999   0.980287930234322 0.0195007641848511 0.000211305580825887   0.975350143395914 0.0244454648246883 0.000204391779400183   0.963937114724309 0.0358706028654537 0.000192282410233992   0.9386336835688 0.0611890003341285 0.000177316097068758   0.894499291262315 0.105335167889385 0.000165540848301609   0.82828882728998 0.171544206530087 0.000166966179933112   0.741218335410108 0.258590376278175 0.000191288311719154   0.635253418471806 0.364504607529633 0.00024197399856126   0.517218639403406 0.482471573224685 0.000309787371913672
1.4   0.979893032668967 0.0198955131611164 0.000211454169912797   0.975862105215087 0.0239328750069818 0.000205019777934119   0.966339208674631 0.0334670475019184 0.000193743823446428   0.944228396353369 0.055592097108141 0.000179506538487716   0.905046369741115 0.0947865450722193 0.0001670851866653   0.846062218973037 0.153773003084694 0.000164777942265288   0.767882270761134 0.231936079586399 0.00018164965246757   0.670801396229626 0.32897547781808 0.000223125952292744   0.559940018261242 0.439775455637881 0.000284526100880722
1.45   0.979521322743317 0.0202670553218253 0.000211621934854537   0.97647383076643 0.0233204402561297 0.000205728977444848   0.968974963089118 0.0308296199994307 0.0001954169114487   0.950274849216639 0.0495429948107406 0.000182155972619698   0.916443614071913 0.0833869180630536 0.000169467865032556   0.865444228049869 0.134391998818547 0.000163773131580218   0.797260196440466 0.202566758441861 0.00017304511767273   0.71080366402963 0.288992466675666 0.000203869294701152   0.609601757428156 0.390142584682935 0.000255657888913166
1.5   0.979144539411668 0.0206436763816054 0.000211784206726751   0.977047677984622 0.0227459112284243 0.00020641078695924   0.971448426956057 0.0283545256529007 0.000197047391037674   0.955879678206749 0.043935447367792 0.0001848744254579   0.926984258983695 0.0728433615166616 0.000172379499643103   0.883516011118201 0.116319718025422 0.000164270856373539   0.824914971736754 0.174917815573088 0.000167212690156393   0.749212696261676 0.250599326480961 0.00018797725736023   0.658820718260304 0.340950553026191 0.000228728713509405
1.5499999999999998   0.978739108980875 0.021048970857363 0.000211920161761139   0.977475412907749 0.0223176120092982 0.000206975082956335   0.973466105425382 0.0263354796165201 0.000198414958093655   0.96040648082284 0.0394062605350771 0.000187258642079989   0.935463463330885 0.0643612777869225 0.000175258882194112   0.898160376838365 0.101673826846331 0.000165796315302348   0.84747049869265 0.15236515040843 0.000164350898919793   0.781060672411959 0.218762079823689 0.000177247764346377   0.70079697117074 0.298995046574869 0.000207982254395574
1.5999999999999999   0.978288490887056 0.0214994941103566 0.000212015002585646   0.977686318999626 0.0221063215487968 0.000207359451580874   0.974852071315338 0.0249485656635995 0.000199363021058272   0.96350096588024 0.0363100509720185 0.000188983147740109   0.94123250566851 0.058589977111424 0.000177517220068039   0.908211808592185 0.0916207191761121 0.000167472231699548   0.862983768106739 0.136852725250912 0.000163506642347102   0.803260246744311 0.196568415061302 0.000171338194382019   0.730781856952206 0.269023290049586 0.000194852998215458
1.65   0.977784211257763 0.0220037277204884 0.000212061021748188   0.977647684164023 0.0221447831833115 0.000207532652669036   0.975537035511506 0.0242631527102161 0.000199811778273188   0.96504788580869 0.0347622536879983 0.000189860503307932   0.944103831277002 0.055717425529891 0.000178743193107482   0.913318253362736 0.0865132296208157 0.000168517016447069   0.870823393966035 0.129013146268248 0.00016345976571496   0.814653601109559 0.185177550254352 0.000168848636086574   0.746591800265648 0.253219613113792 0.000188586620564499
1.7   0.977225761283229 0.0225621810891458 0.000212057627623308   0.977360889700262 0.0224316168424461 0.000207493457297126   0.975537293338745 0.0242629506011036 0.000199756060148117   0.965106594714229 0.0347035496052302 0.000189855680536626   0.944208224216138 0.0556129782960662 0.000178797487796091   0.913688467705139 0.0861429768671473 0.000168555427711959   0.871292356272589 0.128544198270061 0.000163445457349388   0.815547849026904 0.18428355210211 0.000168598870982761   0.748239192988811 0.251572901053442 0.000187905957752274
1.75   0.976619609379634 0.0231683801064016 0.000212010513963914   0.976855707848367 0.0229370256618868 0.000207266489749811   0.974935450849465 0.0248652948510001 0.000199254299533668   0.963861432303634 0.0359494997499791 0.000189067946384019   0.941890416707824 0.0579317805549715 0.000177802737205247   0.909900384194771 0.0899319465992911 0.000167669205936556   0.865308818641944 0.134527801079764 0.000163380278291539   0.807238388448774 0.192591410378216 0.000170201173006925   0.737350049195705 0.262457906659227 0.000192044145075233
1.7999999999999998   0.975977572556378 0.0238104972497569 0.000211930193866751   0.976183934690502 0.0236091690567229 0.000206896252778082   0.973866296708863 0.0259352897786615 0.000198413512471804   0.961596072988979 0.0382162300066938 0.000187697004323996   0.937666619254893 0.0621573091251872 0.000176071619922823   0.902827691945935 0.0970060456864508 0.000166262367611753   0.854272415984186 0.145563929989074 0.000163654026741055   0.791774186726128 0.208051995216973 0.000173818056895552   0.716788583525889 0.283010835606696 0.000200580867422519
1.8499999999999999   0.975314773125531 0.0244733967435387 0.000211830130929807   0.975412262634404 0.0243812974730548 0.000206439892543082   0.97250412450505 0.027298503958002 0.000197371536946032   0.958677601890212 0.0411363977864581 0.000186000323327183   0.932209052663339 0.0676169434201498 0.000174003916512986   0.89361920568497 0.106215957775922 0.000164836539103707   0.84001619834167 0.159819090439219 0.000164711219111333   0.771839083840652 0.227981398248327 0.000179517911017186   0.690362779572814 0.309424542115091 0.0002126783121024
1.9   0.974647407704411 0.025140867586609 0.000211724708980529   0.974613994245154 0.0251800466524068 0.000205959102442444   0.971045964861912 0.0287577584302946 0.000196276707788312   0.955529820114225 0.0442859346519084 0.00018424523386169   0.926306637881265 0.0735213848534769 0.000171977265260249   0.883631483250364 0.116204747466852 0.000163769282781987   0.824678835856468 0.175154490955963 0.000166673187566789   0.750510314882523 0.249302920591208 0.000186764526264184   0.662334152197094 0.337439210525375 0.000226637277538578
1.9499999999999997   0.973990575323459 0.0257977973888269 0.00021162728771578   0.973859773020353 0.0259347150925056 0.000205511887145453   0.969688346958487 0.0301163860960253 0.000195266945483252   0.952585632656426 0.0472317027734588 0.000182664570111511   0.920776923037349 0.0790528121577226 0.000170264804933692   0.874270026127539 0.125566785468809 0.000163188403650544   0.810434060517493 0.189396737924755 0.000169201557749111   0.730828496677063 0.268977123264676 0.000194380058257191   0.636728917263383 0.363030900424601 0.000240182312024345
2.0   0.973356423221841 0.0264320281988006 0.000211548579359482   0.973208402200578 0.0265864525241306 0.000205145275292846   0.968600309152453 0.0312052388823454 0.000194451965195984   0.95022476729032 0.0495938055542154 0.000181427155462171   0.916343660995802 0.0834873319242398 0.000169007079961287   0.866772531389239 0.133064479285392 0.000162989325366325   0.799149127451627 0.200679226977323 0.000171645571050429   0.715317073733207 0.284481993967145 0.000200932299644561   0.616706694374197 0.383042146847079 0.00025115877873136
