0.047194355088174
0.04591162698090881
0.04936387036935926
0.04997445797363389
0.049466835844405685
0.05498344219641774
0.05663627515321017
0.060016102418187556
0.056316480612944635
0.05808956315278109
0.05977787416755022
0.06033342945981342
0.06370354283427565
0.06242483415248376
0.06074165829926002
0.060014499967429975
0.06181184748931504
0.06248879197521603
0.060028768102148106
0.053689577588763235
0.0532187852178871
0.054608011615230885
0.04984280090126634
0.04910925938336367
0.04852715709637023
0.04499231845874251
0.03963305497800539
0.03823743591398121
0.032991842436325
0.028128649871978738
0.030584131132792135
0.028611924043110235
0.0258489421034299
0.021809592702506524
0.01750700276378687
0.020407247602056942
0.020321180226195362
0.01793259393548263
0.017230045102263405
0.01762078684000691
0.02206026473013658
0.01963690195861698
0.01824364668748657
0.02201467213076091
0.0225323299553309
0.021631748921004994
0.022470387161557432
0.02047871775323328
0.025624684401715826
0.022747514167376602
0.0237773037511556
0.021763130510994697
0.02174597404864707
0.02397436906437905
0.02737930775156529
0.021026266665771242
0.025772635931636846
0.025417199482194796
0.021438841118313148
0.020002092346442697
0.021382773453231568
0.0219349537396
0.021245438051156567
0.024980943315409777
0.025463176896120803
0.024045104803444867
0.021157602087832128
0.021562259951542477
0.021685662900308492
0.021949658422594647
0.02426488136917302
0.0267573476633005
0.02649401294751365
0.02229926396096621
0.024378612393366063
0.026528571611603664
0.020657291835170392
0.022798753416091874
0.02066896425295778
0.023006708823070605
0.023364375082678166
0.01891683804714206
0.02180499032702268
0.023243098572601022
0.021920968997383158
0.01680376447882058
0.018249283634664007
0.021113545682381003
0.017149309294983893
0.016084686167302974
0.01549915606168213
0.014972919946799492
0.01920390217555479
0.017493461905846355
0.015278111127830916
0.017358138936393014
0.013114383868914664
0.012817562015847071
0.014672368564020285
0.011997198221198643
0.013305870720714109
0.01420225269631303
0.013284431752234673
0.013227110177556152
0.017884565304917607
0.01917109729669962
0.016673442463690204
0.020597525880805056
0.018186928619938564
0.02339172068621617
0.022859310042064568
0.02041096869434277
0.021720357113759185
0.025138095694004374
0.025883597970818798
0.02316768150255953
0.024691304251954465
0.025027531049612094
0.024843587913417686
0.02184847878125337
0.019501212950110963
0.016974680376597318
0.019649764878644446
0.012965088335616957
0.01499328927877975
0.012235141277461366
0.009094638592079136
0.01008692824243842
0.004401198918616399
0.0014650962421310914
0.0028428908953809905
-0.004354152255260766
-0.0038938529666560696
-0.004040967309118314
-0.009219401664582995
-0.010306127903701414
-0.01663953606175171
-0.02212762207878829
-0.02219291576399655
-0.02911072080404558
-0.029980656760555807
-0.03620723655130581
-0.03810791660574552
-0.04336724919185117
-0.04617810231233064
-0.05058881082115151
-0.05604899618684858
-0.05930409186159956
-0.05738709244004097
-0.06237422489559629
-0.06422828262494949
-0.061253142159450165
-0.0633672401802685
-0.06700748952731206
-0.06300400312657028
-0.0667201771665558
-0.06340865080755391
-0.06859169869288126
-0.06509168481658997
-0.06658961444750999
-0.06678408204209645
-0.07211997306328079
-0.0715874222766421
-0.07320763053395668
-0.07353295079693427
-0.07389515849573831
-0.07743574404668593
-0.07819575851621323
-0.07692966180218085
-0.07765323428083487
-0.07880750804038375
-0.0839670619969017
-0.08699062008374556
-0.08407941514406934
-0.08602247778268922
-0.09118664787147379
-0.08689078599370555
-0.08768718338255739
-0.0918859605405959
-0.0917237448325827
-0.0948766404523241
-0.09710198627494077
-0.09294015069716537
-0.0926332789902705
-0.09237420100007991
-0.08965198202425707
-0.09159161475375333
-0.09071096177061279
-0.08763496318525414
-0.08748854320800917
-0.08672633933736394
-0.08289674637535693
-0.08150330624712653
-0.07685341039650997
-0.07462208418579182
-0.07389932913936571
-0.07019084218634092
-0.06862205420657888
-0.06750971465092032
-0.0677971912747293
-0.06558826543292685
-0.06077748958342489
-0.05921265840430392
-0.058664633356135955
-0.05287684109058511
-0.05038095851725031
-0.04923956031027082
-0.047290326451567895
-0.04883609472527898
-0.041224461712313684
-0.04161597483606917
-0.03728838873812723
-0.03642281551417231
-0.028982890977361796
-0.028879840173244513
-0.023420835673634743
-0.018771325187391524
-0.017937851290858214
-0.013093727761650029
-0.0065871116223443224
-0.0019379780930961973
0.001421373771960016
0.0017466075219597008
0.001500598561441201
0.0038548608568665464
0.007671540159818422
0.004961105908467467
0.004779840287811891
0.005355596437611353
0.009753645213093791
0.012530123895571123
0.008684867228976493
0.01340049454576078
0.012938910963771044
0.01331453453927387
0.015284197115798344
0.017956381209819506
0.02206842834654446
0.02528847984464224
0.022587123103965625
0.02269333448896692
0.026602630883083414
0.02705993104688552
0.02838104664898196
0.027991400565444666
0.028236287257763854
0.03163541384432999
0.033144575807616025
0.02900954224021742
0.031878677822349384
0.027571997522171127
0.028744345043992363
0.030012084313616034
0.026159507879127103
0.03066872420170843
0.02788367928333837
0.02753528748940868
0.02840577242118922
0.030587387778578744
0.03144860684203341
0.029730624757063635
0.03172285271371123
0.03307140716195752
0.03457132844133839
0.03859429139889442
0.0403801610286117
0.04344174306594459
0.04408294929134231
0.04027862270803012
0.04251350174502105
0.039826871346531956
0.04135144110863428
0.04335429820368587
0.0383907158382543
0.03879538686983416
0.03623380678634242
0.03132633202061692
0.028883512898213986
0.026185160057736898
0.019345215831266013
0.019759087335454652
0.015340942828109341
0.013908655491629396
0.010946395529772703
0.00998025975272529
0.008653885913723545
0.0012744228300473174
-0.0007079926164692367
0.0023161009218972224
0.0004286078318835374
-0.0033743044451449624
-0.007015072879425196
-0.008869383628991598
-0.016539362659312582
-0.01847129212329671
-0.01816563578613539
-0.022248635993689855
-0.031085204155433605
-0.03237887352664791
-0.03774142771455712
-0.04300033175419736
-0.04651070379035271
-0.04701541830964436
-0.053755802892681205
-0.05753840345238916
-0.06053658667758335
-0.059282114505805485
-0.05934373608803754
-0.062141054539340865
-0.06187518362661646
-0.06247306031191007
-0.06753433214417917
-0.06830941052171219
-0.06810334373837276
-0.06941040801766213
-0.06756663092132587
-0.06468386814001313
-0.06767588847586184
-0.06987080589551858
-0.06490400664192707
-0.06541756468909607
-0.06688629531411074
-0.06432914466637941
-0.06458169035921327
-0.06551096562735778
-0.06689415318059805
-0.06255418144754477
-0.05978839994409825
-0.06019229876602366
-0.05704468946408976
-0.05760126672711219
-0.05404908613531123
-0.05032080303507535
-0.054308237567896434
-0.04835683747582304
-0.04925709049330214
-0.0438433451950174
-0.04396154404779163
-0.040834324354984124
-0.039323408140188795
-0.04072495826828523
-0.035745959373974734
-0.038427666925380195
-0.03364437013478356
-0.03496714973425902
-0.030064620658729033
-0.032430760812087484
-0.030011028317357195
-0.03087537513037196
-0.02639900548656852
-0.02588093600110025
-0.021556739687199223
-0.016493257192281816
-0.013078278812023626
-0.012258842569530637
-0.008203633844637412
-0.0030619909906816085
-0.0020982091841994987
0.002448855383848551
0.0053608740864009834
0.0024038303119016434
0.010767949944930444
0.011742625540632197
0.008313196066047052
0.010586468360515211
0.01299300042613236
0.012305365990805745
0.018784340744540228
0.01602999999127341
0.019334707449590604
0.023080931429446172
0.019562271837938024
0.024400307812817105
0.021677441064903023
0.02590600269384551
0.027719912494458713
0.029635776317453948
0.033979404153169766
0.0380132356943716
0.04227793904192266
0.042303140392280156
0.044253855779853024
0.04544056636155322
0.04868520714763404
0.050137572910122656
0.051303131174619133
0.052638530226379834
0.05721408484033274
0.05582472253489527
0.05782650121515691
0.059682983135178315
0.057452508768363275
0.059821524322151515
0.056203656281439175
0.060091993848918814
0.057400702861110646
0.05588684493993646
0.056974457511168676
0.053785268658332865
0.05519016855743106
0.060053690770096195
0.0581739736443129
0.05718883113353454
0.06182982138051675
0.06071072850570123
0.06015149344354837
0.060181484501771736
0.061062799412787104
0.06511661944708914
0.06287299702945322
0.06588602441032822
0.06236188669291943
0.06500161896251123
0.06654046806488285
0.06222597191765201
0.059601675786647365
0.0586355843065352
0.062274108754888986
0.06199783843866104
0.057365347004273495
0.0583823005591255
0.05787219028882868
0.06425536048107137
0.06443386749599514
0.06725273452291765
0.06688233395186385
0.07162303528394232
0.07082179344338237
0.07164336188612733
0.07810266344601005
0.07935259390746859
0.07605368692956825
0.08103311740726284
0.08095201450747339
0.08409405577748777
0.08154638332700763
0.0862302975731833
0.08112066591161164
0.0826411589257277
0.08382419649979388
0.08596384693352797
0.08493123152536737
0.0882536300986529
0.08687725092104066
0.09235045016152013
0.0917670126162547
0.09301834035599017
0.09381320367174309
0.09837626470249208
0.09689477600709943
0.09940494734097724
0.09982612838780945
0.09945480604554967
0.09697701904875754
0.10196103227020244
0.09922168141574926
0.10021127487714723
0.0967288908723685
0.09987149840210104
0.09733692230204787
0.09881600546563643
0.09338655011306951
0.09460402456801151
0.09595386723390094
0.09383521640129881
0.09386423520186996
0.09325383908327135
0.08977931773940016
0.09187916334762501
0.09045520500120181
0.09247449062466455
0.09012949192742717
0.08766780962824733
0.08609539268299297
0.08857817528129548
0.09029046823937112
0.08990610312764068
0.08826396869743836
0.08294872831791315
0.08618427075693895
0.08429368975448101
0.08594641449947868
0.08673389320054413
0.08752907626420758
0.08258383431041373
0.08664456543395681
0.08058440767446634
0.08211922205640491
0.07714886474176907
0.0782962277069244
0.07621460761041073
0.0720554042026244
0.06551836704526719
0.06213510468291171
0.054188000549216984
0.05266482423099872
0.04576601208271113
0.040528894073085804
0.03456328316701765
0.03024564894736635
0.029234811252259338
0.020683633266424094
0.018351208001176202
0.012822614757670285
0.00472945021661477
0.002767697657727978
0.0009008485257873528
-0.005320491126485614
-0.005499593025679953
-0.012271207838564372
-0.013351497172755605
-0.016861741603365888
-0.01839768446180704
-0.0232678452247474
-0.025702822193618986
-0.030777858940631477
-0.028796720030844717
-0.03446641090246889
-0.037033532150752856
-0.04366526003824212
-0.04515138206792936
-0.05403366931053713
-0.05642142241336274
-0.06080591343046314
-0.0671542988536752
-0.07026084150782286
-0.07293501565217218
-0.07661044287271923
-0.07702933275425293
-0.08037643126871766
-0.08327823217603705
-0.08238532335658208
-0.07943180138671929
-0.08195166743327606
-0.0796765905564614
-0.07625379438623835
-0.0774756879910937
-0.0716589116266453
-0.07179558438254685
-0.07318560679224848
-0.06978033041669215
-0.06823946486370226
-0.06881073187296625
-0.06964684815907293
-0.06971715539130227
-0.06847661706938046
-0.06909107689946284
-0.07304160161819773
-0.07221731038366243
-0.07412595176555326
-0.0757514831912543
-0.07608990982075088
-0.07958740552956557
-0.07614375527559093
-0.07760181361269808
-0.07406320525009794
-0.07704265719441326
-0.07557671863634374
-0.07192337491752583
-0.06939890229920964
-0.07346468853901596
-0.06888380143590823
-0.06845830956470084
-0.06536223723251218
-0.05975934984618254
-0.05786206297058921
-0.05630167103299923
-0.05671968752836079
-0.04963577705393696
-0.051164925771202165
-0.0496669121336546
-0.04616581550101614
-0.045874434681746304
-0.04113691927649874
-0.04499212752813208
-0.04299671914765599
-0.04066861727492485
-0.04060597631480012
-0.03523720858652953
-0.03817889958891195
-0.03527157879098303
-0.027408099793041155
-0.028814440568228263
-0.02663358546511094
-0.018493363991877766
-0.01924067890159958
-0.010687560924008136
-0.00833203680817005
-0.004755835622605058
-0.0024649685531154095
0.0006105554329223437
0.001977789213221937
0.0020143788946895033
0.00352381198187569
0.0006403180279602332
0.0036539637967813927
0.0006193185795905296
8.718068250183694e-5
0.00039881385342014063
-0.00021879443770423093
0.0018531161455792153
-0.0025727767738052488
0.0021865485860874862
0.0008320537991454478
0.0003949705788795645
-0.0001732078761069197
0.0016782701615997075
-0.0011022775685149992
0.00013301866288109284
-0.0004001725027040547
0.006209730008786154
0.001996869835504845
0.007315101308671199
0.0047189296941691624
0.005222109590684083
0.006598157306650876
0.006532906239025204
0.007413614378805927
0.0027364584506906365
0.003346908858055143
0.002133437058072577
0.004112143975197648
-0.0014455791814666015
-0.00034001502192103496
-0.003367419719711118
-0.005022428914316872
-0.009939935146965602
-0.01041072234918429
-0.012466605646114227
-0.014554369397305289
-0.017532890419075204
-0.014994308897917042
-0.017550779930644383
-0.01684294394252337
-0.01565677610075446
-0.018262299416974426
-0.014535083077043225
-0.014662005797210659
-0.015884134308499366
-0.014970493527035054
-0.012223081601287222
-0.011956933817648278
-0.015281355687476064
-0.016992752240953018
-0.012601645795986688
-0.013755702005608751
-0.015778086435999664
-0.015893363173564268
-0.015355636842008824
-0.01910768452328619
-0.02069628333648606
-0.021395951824991186
-0.02091449981401075
-0.018383648911370325
-0.022835889940176022
-0.02006461649124623
-0.02310581934164166
-0.02033663833696836
-0.021502982107474023
-0.02250546276263498
-0.028420473241488657
-0.028640760593582615
-0.02947976967195519
-0.028046069412158117
-0.03117363034997557
-0.026077563410777146
-0.02974055640201732
-0.029361130187920116
-0.03244626876225026
-0.029336633175311485
-0.027508845939362776
-0.029876633432319704
-0.029880812570869185
-0.02951310525464781
-0.02754120772332139
-0.025138493856561597
-0.02582907804246754
-0.022695174268666102
-0.02548902571129955
-0.01736774652464148
-0.016952512622778287
-0.01761620168444481
-0.015032265828599739
-0.014361545006897045
-0.008911531768345391
-0.01288635719786495
-0.012051807941586638
-0.005489076562590721
-0.007262198791612645
-0.008214099902091654
-0.007325376921294479
-0.006011737892693601
-0.004126757105441732
-0.0034417407090349622
-0.008125124885360126
-0.0064832767785145875
-0.007447831688083909
-0.004620037571869879
-0.005279591579125331
-0.01219998635376756
-0.013051153464601142
-0.01257821624604149
-0.008946079414565357
-0.008492860052829477
-0.013638832944370535
-0.0077845127160109965
-0.007771327436848974
-0.01293055232460518
-0.00967923394332496
-0.0076968105306602875
-0.013426735305429316
-0.013561987162542298
-0.011391918912460738
-0.010658427021610795
-0.016657400529962067
-0.014462502159709305
-0.017236597879343403
-0.016538146449902594
-0.021465036276778066
-0.020232936171554035
-0.021504334267124153
-0.01954430261027652
-0.022280856952104022
-0.01868819681036835
-0.023534247696964748
-0.02259081190679314
-0.021448720879079775
-0.018416287116651577
-0.017906067631088516
-0.016469528467582612
-0.011415634087809491
-0.01382880649168126
-0.009386016973982567
-0.007731380123005569
-0.006452919045402931
-0.002264519766907334
-0.005404999049075817
-0.0010091193875618593
0.0004635618525735403
0.00045194720167312873
0.006328416978586758
0.007635983618407232
0.007877960885177818
0.005298645092026619
0.01033765471613339
0.007567881692216633
0.012246949488303788
0.007736159920455201
0.009019331009507286
0.009138371896900454
0.009921370783158153
0.010505830569175973
0.010879460219320536
0.006962521346811873
0.007541383896477866
0.006265234300070501
0.004301445436406339
0.004459506353802228
0.002853771796059895
0.0005279878985992659
0.0008690297035223485
-0.0020518196714267136
-0.0021887917096380487
0.0012376351390099105
-0.004311436289889718
-0.004152245026690429
-0.0027683524834201763
-0.0015751694746221079
-0.002322004293148257
-0.00559748979109282
-0.008133871696394249
-0.006952050458011427
-0.00798841240822082
-0.008400150963016068
-0.0042684704471746045
-0.006014844489953312
-0.0037025433672208735
-0.005278306689411136
-0.0022471907953530578
0.0006768764136978241
0.004423440296651927
0.004257283529452179
0.012374109473071802
0.013428688447098379
0.020110160474703834
0.02299566184488382
0.02375121998032248
0.03030303003746051
0.03356297402956526
0.03838949718152402
0.046009168813433685
0.04703003506867252
0.05377075565033533
0.05461420610143399
0.061748117703212826
0.06574972380079173
0.0695428050688042
0.07180124290148558
0.07463015494174811
0.07912155172478515
0.07692983438735976
0.08045392191614474
0.08707097611332897
0.08797648789584066
0.09298047262647427
0.09382483168228718
0.09796513128833811
0.09698237219369951
0.10136657451244646
0.10506150195143639
0.10627710259720087
0.1051614183929819
0.10650962283124366
0.11209048951857692
0.1139264499588588
0.1130474374708988
0.1180697143207959
0.11564099070201125
0.1228414929858035
0.1223257793996167
0.1244745191639456
0.12591278322140184
0.12617636845693708
0.12757903066904566
0.13057572248646568
0.13191847523285033
0.1332010922145147
0.12810999122344116
0.13033122738811134
0.13010173551335638
0.1352360305195871
0.1338813401761874
0.1317530448112992
0.12848926627543172
0.12804398448056994
0.1294963476993723
0.12697657062367032
0.12453849054511258
0.11924952781579193
0.11814330345119581
0.11926912192081308
0.11559060561818409
0.11209852117792
0.10942719009449073
0.1093774246038061
0.10620825590680984
0.10177677444128387
0.09935560865425908
0.09966244716554287
0.09536512218108908
0.09561261805505311
0.0926355424496552
0.08846289498991809
0.08308654702314204
0.07996463560912506
0.07526675366956423
0.07354630398296845
0.06765533670546058
0.06414561908694709
0.05951458728028154
0.0536889367904034
0.055358839618856855
0.04608277445096636
0.04273318557634516
0.03882436787336167
0.032465444828865944
0.033768466390271715
0.02706087020322319
0.024947037928107447
0.020993543868989332
0.021102568981991834
0.020384330748453645
0.017150532622921648
0.010915959195866161
0.010810618592656493
0.008841842271914596
0.006129748804470074
-0.0027995397217026796
-0.0027720865795467582
-0.010991855711367854
-0.01146562019155985
-0.015389532738800709
-0.019823086940878202
-0.02838338053355412
-0.02858293161854035
-0.03401354841369958
-0.03525262912345126
-0.03520596596112403
-0.03479209863168631
-0.03899508792999228
-0.0374883414118757
-0.03799982030166213
-0.038780068452651424
-0.04191502702174007
-0.04115781988386374
-0.04098538818090615
-0.04380809612689111
-0.049470368786128885
-0.05086109430966528
-0.0528513000480607
-0.05454052041797448
-0.05724618152081796
-0.05839401253822609
-0.05819464262984248
-0.053680130220039195
-0.05684391905036769
-0.05496814397301095
-0.060409089568885535
-0.05594579514179825
-0.05974034710760112
-0.05396948979408131
-0.057810109518527004
-0.058966933636431594
-0.05261599534126084
-0.05626636033926495
-0.0548104878556751
-0.053123969680117795
-0.05248618116433643
-0.05338735101729244
-0.05272814745818546
-0.05355831720790941
-0.05548996111735569
-0.05545017343732607
-0.05008293316753017
-0.05366615905389011
-0.05388871914709331
-0.0511564980456965
-0.04793839030184986
-0.04926239400320966
-0.049858366374850555
-0.04836331194532012
-0.04252616187266845
-0.04157240877241595
-0.037340363531418334
-0.03928261837209499
-0.03418066994787151
-0.027308226068775313
-0.027486278668505473
-0.02286519159735063
-0.01502108785331425
-0.010110149611547478
-0.00932492994423781
-0.004524032390488485
0.007226435593764418
0.01092748533920684
0.014058702459600354
0.018756580663810692
0.024875420596493898
0.028755388733574878
0.036261688202019214
0.037594287771729955
0.03890590850739008
0.04689779912245653
0.04745228891278307
0.0482646840703361
0.04772273977452263
0.055436888868612644
0.05751099534484281
0.05415406640712952
0.05645767856436647
0.05738487159795217
0.05545789408042897
0.0535531147648912
0.056000585985939544
0.051726049005317375
0.04926550009760283
0.05113246243362151
0.0468040678628594
0.04288906943258469
0.04245323950456401
0.0384207369322543
0.0381615670763692
0.03678491250277599
0.03539536815458714
0.029875057140076537
0.028436369142792562
0.029923350405594476
0.026564257785702716
0.02092163777644977
0.018925260478122746
0.019731501765009953
0.019227130591656916
0.01640726013246461
0.00939948211624157
0.009252399501629371
0.007503673839421743
0.0006954620626829894
-0.002427538784355699
-4.46562590430529e-6
-0.007349802889405285
-0.007244738662920503
-0.01264094847522345
-0.013688054327669969
-0.010117064265772023
-0.011008756094573911
-0.01423684009608499
-0.013419729283154267
-0.016722228908132745
-0.01853846390902477
-0.019259828806085733
0.01004465851917133
0.012798122086245286
0.012462411724420603
0.015707425125437137
0.0198701415678143
0.022640572524654918
0.023101829507941738
0.031226402546824423
0.02983284036966017
0.03999771816074
0.04238742641938514
0.04691032895953979
0.04716154512080989
0.05522314729820363
0.053550598716909883
0.05653904467911088
0.06479985199228103
0.06473739514567026
0.0710465680023033
0.07166377796672613
0.0757858949500093
0.08106004385715222
0.08114678251917756
0.08807732567405215
0.0847375186013375
0.09064536266278919
0.0918651761554313
0.1005654117560943
0.1032040322049349
0.10529708068177951
0.10724760189755189
0.10841643376216527
0.11468672236557034
0.11914702537832557
0.11951660381579061
0.11760646699327534
0.12258120900696216
0.12516676387819892
0.12338522848750812
0.12274472077108929
0.12310969799671179
0.1219132251572683
0.11898817535722192
0.11781062028984625
0.11474123566649634
0.11188798230502064
0.10921723632466165
0.10714815810131334
0.10283033782443471
0.10026521051624054
0.09804868107087082
0.0935384364308373
0.09195350521694581
0.08833092627637919
0.08410431464494471
0.07691579895006054
0.07622543926424293
0.07295587361674079
0.06366813404801101
0.059143586978261824
0.05821461591657907
0.05497723581818228
0.04663962693540353
0.04246959954950131
0.038741683241361055
0.0342093382393389
0.028104097466141332
0.025102559412720174
0.017882561387947412
0.01362595162535394
0.01024977690651414
0.0077492267174208195
0.007802072909363362
-0.0007156194908556593
-0.0008106185327205327
-0.002760263943400405
-0.006853397020529543
-0.007014691603175707
-0.01330920062570275
-0.016537185208111982
-0.017327105103870838
-0.018671340357692773
-0.020576174944016513
-0.018658539277291185
-0.023587105562938644
-0.02129811557054252
-0.02375657768503167
-0.020981866716029387
-0.0213158845242965
-0.026370506878326667
-0.025925536449178686
-0.023910952738064678
-0.021840368803016753
-0.022828725006868365
-0.023951117695952914
-0.024790716046829676
-0.025613372555462203
-0.024796522091830742
-0.022704328713049372
-0.022440794249907484
-0.02352931421261806
-0.024047522366479567
-0.028001315791651115
-0.02424544779675365
-0.026828196116747336
-0.02695479785156641
-0.02399746958014079
-0.025826739502848514
-0.02393263757915766
-0.027385568620555262
-0.026942058114227566
-0.026198226587026516
-0.024595594065396822
-0.02388819877698956
-0.023437800887730925
-0.0222893083837925
-0.021974001215789678
-0.02245298773476622
-0.01829310466225551
-0.020019220406076434
-0.020817499566471387
-0.016089112845198768
-0.01704941313743081
-0.015098931629566985
-0.011454390661384442
-0.010838653436158115
-0.007852565958517155
-0.006751620438898755
-0.004974619022484514
-0.006326117088581118
-0.00447876307155161
-0.0040841482393714846
-0.00022897222274440577
-0.0010310454298499403
0.00031809930083910977
0.003162704549339849
0.009072538545322202
0.005732287672776755
0.009302931936596289
0.015386962874987926
0.01746359663918315
0.015281426832967205
0.01577910577168542
0.020137683162275287
0.022892103532366787
0.029255560469189798
0.033385624751302266
0.03346243999018254
0.038748700109034334
0.04144007501181858
0.0493169503066087
0.04971129063850178
0.05560329238462542
0.059009420179959596
0.05972989737627763
0.06743136933058899
0.06695198441496444
0.07114782394277414
0.07566027930569756
0.07554771863912006
0.07424088056037638
0.0766494292057047
0.08291099315370153
0.08507694927265705
0.08169372710094784
0.08674355196838134
0.0908361859105634
0.09294953519590625
0.0898969775523007
0.0940001071214561
0.0964006665409035
0.0965848892580648
0.09138798789443739
0.0923605458281615
0.09124446715047481
0.08568260838856345
0.08313794212084442
0.08290554735014422
0.0781734892366556
0.07686694403604727
0.07618329838570953
0.07174062308279104
0.06650150861606653
0.06916949425195111
0.06750571844208562
0.06346085280153844
0.06544607568115537
0.06082410228161788
0.06345921922838961
0.062151042013878284
0.06344752022048314
0.06574825787154667
0.06881622849253682
0.06594713651541935
0.06444654244052753
0.06972753855085442
0.06965894782445345
0.06640394877498317
0.07024268695980881
0.06674201018078971
0.06784031283256761
0.06773595317233404
0.06330899317658106
0.06333186703559672
0.06031275995416361
0.05563745796411639
0.05725085640103751
0.051645226209700745
0.04874727812918883
0.04302094180084416
0.0427634871033864
0.039010635242905004
0.036026643187427786
0.03395103515577498
0.033535752873284294
0.028646956404519863
0.027605237826756262
0.02740380835206153
0.022667353590852896
0.019214864519454155
0.022080317656548484
0.01601222815804483
0.018724643900674822
0.013695336954106258
0.014392700446675927
0.010067310435297893
0.011203810458130077
0.007205658886964582
0.007373622824467477
0.006773176067578404
0.003005198191629753
0.003589160468323998
0.0028616136782894227
0.0004941430737197425
-0.002371269911920618
0.002360917839278072
-0.002391797844455007
-0.004747585720763449
-0.0021890479511404884
-0.0013334935700627208
-0.004014212613286444
-0.0031707408577523605
-0.0031782216598766214
-0.006290193244599761
-0.0022678904257913933
-0.003663548730650679
-0.0029017837480692266
-0.00444144202745269
-0.0030069179890990483
0.0022938132974249605
0.004688128129222377
0.0038145848795436013
0.002764220443253523
0.004034016336184629
0.006875955459669118
0.003995368375823163
0.008012718362995037
0.009839254045016647
0.009436771409790498
0.008874162384705538
0.006090453564636545
0.008049297392094857
0.008290151561779853
0.008134088105104203
0.00552629116698946
0.00930488413233663
0.008956760078008176
0.00573190903839066
0.00466683248541507
0.005197341636157699
0.0032920159581947034
0.005775410406269814
0.0026806130913699737
-0.0008292042204149997
-0.0008421270556488762
-0.00039857486417514237
-0.00434161043452072
-0.005702857147827124
-0.007030375718926687
-0.013257894678094738
-0.012024699826060437
-0.01641546381786266
-0.014839147423943653
-0.018052096635529452
-0.02226394663541121
-0.023335937211381514
-0.024963188711988233
-0.03225383464032804
-0.03244576230418722
-0.0381519022467869
-0.03819551638324454
-0.04300228653633936
-0.048494579869107234
-0.049102189774980994
-0.05023870412553245
-0.05694714709815728
-0.05666030068888389
-0.06210168238029819
-0.0676566987822747
-0.06563452808102267
-0.06826290265228119
-0.07215350755987508
-0.06980675451359782
-0.07093883189709463
-0.07015805541017679
-0.07335593102920604
-0.07376472101646717
-0.07362680121933564
-0.07447663880705611
-0.07620686466195761
-0.07799952590391374
-0.07861903033341204
-0.07761133070775775
-0.07934183812265815
-0.08131860126376031
-0.08359104413530974
-0.08653017307353758
-0.08898115693358899
-0.08469971375938723
-0.09052670269318872
-0.09291869346508128
-0.08994280252735747
-0.09641323242739555
-0.0953851891704475
-0.09950648242940359
-0.09781980104330121
-0.10421735342400698
-0.10537520857198085
-0.10267790056067248
-0.10563365149099943
-0.10614975675300262
-0.10783660836900905
-0.10745967142014692
-0.10663830499207336
-0.10634530816230468
-0.10520228162506505
-0.10738881359656781
-0.10338384149102649
-0.09915871591528803
-0.09944974372915308
-0.09914345761873491
-0.09301208926096108
-0.09026028513588967
-0.09161023296244337
-0.08862000054829948
-0.08680705403355159
-0.08813219345476711
-0.08639721037007941
-0.0868344891241288
-0.08020892157723365
-0.08343540868588534
-0.07899068762350214
-0.07568030914238996
-0.07307030790393722
-0.06973387881531021
-0.06957899543437475
-0.0641068957545781
-0.06602939013230588
-0.05846173846682968
-0.05634712490989314
-0.05299180796919984
-0.04604906173473258
-0.04280795775357295
-0.03797719392947518
-0.03509999751808167
-0.03430063102335995
-0.024681892148164696
-0.022653773606540015
-0.02231060769295469
-0.016468859734256623
-0.018689671271315888
-0.012228375161907007
-0.013373994382412263
-0.011641841322584535
-0.011846821572907694
-0.010227479230016337
-0.010569173655175257
-0.006550761990266825
-0.007697478693845
-0.005506273885062173
-0.005818527332728143
-0.006076124267936495
-0.003028560199207134
0.00029948698261684804
0.0028987537131378452
0.004550592471797655
0.002881667682096308
0.00924386608871178
0.00950420498044488
0.009784297242781891
0.01594023031420724
0.021605674812005145
0.020319210680664966
0.02909917412464708
0.030185868001655763
0.03532561647250627
0.038567702424438584
0.04037957568009097
0.0435647116949761
0.04519021059667642
0.04935767570240351
0.04852755774608349
0.05387518522247583
0.05127816379551616
0.05325727763518137
0.05359517005505414
0.05497678502581827
0.054543788781420174
0.05435742195929287
0.05219640307385205
0.05347741791135963
0.05497018482739024
0.05279711145531864
0.05179174789063631
0.054364696735416676
0.05351102879559288
0.05313859186963348
0.05234681973116661
0.051394879106568855
0.05067409433602916
0.05294065583837469
0.04644352339725525
0.04966008422919734
0.04708182763318124
0.04423578694617459
0.039410958365542856
0.03532213732691408
0.030920660732950304
0.029787363192439513
0.028010139756831743
0.024320249350944637
0.025297834573917155
0.02277718945285427
0.017999032638844316
0.019475637802227098
0.015807901868829882
0.016715456929478855
0.010944511517706612
0.010530919900558662
0.01157899670746725
0.009674603852910676
0.000856604941093373
-0.00028203494016751336
-0.004509561715653926
-0.011311575475706655
-0.01717597121939599
-0.019940832580738116
-0.028456614901124413
-0.030275377086235372
-0.04146813760916999
-0.04296505683925361
-0.05026227631796766
-0.051505284516042645
-0.05952969675837121
-0.059424197531299634
-0.06486139469233981
-0.06674680952402513
-0.06570966270766557
-0.06542634438336474
-0.06548013495069926
-0.0609275249925032
-0.05772141187962068
-0.05577703869639457
-0.05345681817604317
-0.05401350373777211
-0.05312318112662131
-0.048468195343942685
-0.045164877446887616
-0.047285750150216375
-0.046297825167934015
-0.0451759338608642
-0.045337020077055284
-0.04160404393988805
-0.03978365826667225
-0.041195973652086056
-0.038204692336512476
-0.0357469458837142
-0.032809959563650674
-0.03147095697906018
-0.026615152598514484
-0.023898626106891478
-0.023616957311020467
-0.01778944967259256
-0.018106792442062966
-0.016010522085501015
-0.009807081991234607
-0.008347208448817535
-0.007366546177898913
-0.0014398815247843204
0.0017365652232318933
0.004131787264877795
0.007385843152516315
0.011171786769958881
0.014820118993362105
0.015977051160209373
0.01820569498986151
0.019293494669365724
0.021763850115459307
0.023907909882379612
0.028743537610489905
0.02913882301168803
0.0268960220126776
0.033172171830702965
0.03397290554904175
0.0335530025007093
0.03376798750113508
0.03482476986283877
0.039924993103873666
0.041504885407808806
0.04141641490457676
0.038632488362257744
0.04197861901459774
0.038088142926284686
0.04247312846316925
0.04188178635614175
0.04473415862980089
0.03970508073000195
0.04107049636923918
0.04121184366447096
0.04321929358631152
0.04519117012825317
0.042776892548985514
0.045844157188678215
0.041429001103678254
0.0423857327847369
0.04295347946053757
0.04227879504431014
0.03914844391648616
0.037875054943045446
0.036172914519902226
0.031756994969980426
0.03154386107941933
0.03406218707793746
0.031080647524032005
0.032261128640760924
0.02826378879753817
0.03198912451379521
0.03236446015809659
0.034577532363093084
0.0366732047085563
0.0363503544594451
0.0383105749375066
0.035625724868463764
0.03780367786937192
0.03855476390234621
0.04062231691487609
0.03904734040316137
0.04073393351229309
0.039012930001483474
0.0418399637440059
0.040433194121076356
0.04038849030173458
0.03970284985012799
0.039146159907828694
0.03955536642466448
0.03942980941674194
0.037764558322089754
0.04240938241010777
0.039839591346826866
0.043057779724373746
0.04301032088437753
0.04750969130859809
0.04764168124271561
0.049582512709322665
0.046758871126707416
0.05239585857718326
0.04995891618927401
0.051542174231898316
0.04974413264574598
0.051221424836174034
0.0508473451832943
0.048550354951369085
0.04962787245915642
0.051171019554002925
0.046096189989810105
0.046774939253792974
0.0487508244825151
0.04687519069216319
0.04284574718293456
0.04492603175462542
0.04503916833551409
0.04650215506327976
0.050594076066814195
0.04839227134165409
0.05083968111092721
0.0560424225067564
0.05357774489045899
0.055858852786871055
0.05568262461487138
0.05371825924799372
0.05585058559230595
0.05879686770232662
0.05496923108552759
0.053123447491403526
0.054226685065500664
0.05209722385780174
0.05318522623523252
0.052575598687376594
0.048290027931110945
0.05088344155539119
0.05219610597024472
0.05012196093456213
0.049221145092605306
0.047701528033650756
0.04951683600183682
0.0459348926186395
0.04698932305292638
0.04831212033457128
0.04569745075166353
0.04308590242226299
0.048049163694741395
0.04789875173546566
0.046280620858858326
0.04502197340086467
0.04358219872894006
0.0437243772204054
0.042843448621754904
0.03755890332470037
0.04008352093406095
0.039863591907599125
0.0364139756647322
0.032724889784805436
0.03503137767537018
0.03393160860126518
0.032329591744219385
0.02747485828931086
0.02654589195967432
0.026084286651847144
0.02829291305897361
0.023523514836373778
0.027185698180813157
0.019351877925762005
0.017846206190897617
0.018686285604194882
0.013965319183912668
0.006197030511428273
0.006627977326961805
0.00293911757912357
-0.006608947262193006
-0.00995285361269107
-0.014209783779555323
-0.01685607927038917
-0.02222158863398104
-0.02417866232318481
-0.02822056788753891
-0.03294471419923943
-0.036532555673543514
-0.0409373225926051
-0.04338055733981331
-0.047515958773876654
-0.05425032100268028
-0.0589869122354095
-0.06246736157094524
-0.06761860817988431
-0.07082902565526208
-0.07478054601411815
-0.07415551046014174
-0.07712296399360435
-0.08174698025919624
-0.0821347561981705
-0.08738050584904898
-0.09012478860112581
-0.09158566228557172
-0.09656540398269856
-0.09478941563095095
-0.10046592315810378
-0.0987763059721725
-0.10462175197502178
-0.10493529555777151
-0.10990747833381748
-0.11453959175202699
-0.11372867928261059
-0.12027229894210609
-0.11998163570352686
-0.12240116021280675
-0.12545364302749337
-0.12672397882608663
-0.1259229276582474
-0.13022426559195957
-0.1283457212337519
-0.1267778718653249
-0.12497377038079976
-0.12550334949683833
-0.12638608513570487
-0.12401510757127003
-0.12230232140474315
-0.12336650699685342
-0.12418020260762894
-0.11932747057570617
-0.1175106356167819
-0.11689382004065337
-0.11148169309015604
-0.11045569708406207
-0.11085725653042788
-0.10725425113985032
-0.10572906446639276
-0.10352002845791501
-0.10392561626369261
-0.10157277666418899
-0.10260442977588975
-0.0989268480540851
-0.10100044816720137
-0.09958607069859642
-0.0925919804236317
-0.09021388112068365
-0.08994177557347766
-0.08631507635549251
-0.08269685863804108
-0.07595267504010411
-0.07326623279823598
-0.06611729999148024
-0.06155669493029151
-0.05853467890287736
-0.05330146184056868
-0.04623083085808129
-0.0474701084649248
-0.04174599639501435
-0.03691305869373094
-0.035213725512392026
-0.02894126238237167
-0.030135314657717346
-0.022246184133501757
-0.023412950009068297
-0.015782198029932085
-0.011641210174640768
-0.010916045365518889
-0.007696686432121937
-0.0023498480218963787
-0.003504234275291587
0.0025871205248505376
0.003396385145128517
0.009327168235475232
0.009731993854048571
0.012682052036677346
0.010292044524329665
0.013129374137833844
0.01769184390403984
0.016515234853560903
0.016106767095610427
0.017300601469252573
0.021259396710040228
0.020624370949962095
0.01990117090458879
0.02437395946617141
0.024716440315619165
0.022773776697755675
0.027360411476807477
0.029805327031560438
0.02719088970466404
0.029069981350111213
0.030218307861766977
0.029932610488798722
0.030441595469171703
0.031634582383557375
0.0317621533434052
0.031267812950324915
0.026955115574556494
0.030408357681327835
0.02796839634722483
0.02751856388428879
0.028577553527792805
0.027649131048680164
0.02635641839806593
0.032617969099448155
0.03201712900473274
0.02829143405556643
0.03296036573918755
0.030956611244086246
0.0325272501380619
0.03622477911318801
0.03395147093000814
0.03380178708848154
0.03613609518929297
0.03330433671994083
0.03327165350844431
0.02714949245698072
0.02348520917379807
0.021129197024990613
0.023986973893657
0.022079173352538138
0.020129131452121765
0.01797321827704499
0.01261216935048932
0.014093730481273915
0.010201989846506901
0.0069438485102540455
0.005628216217491338
0.00933519638171895
0.006223721511618616
0.0029016644114334966
0.0007266897573692185
0.00202010638096833
0.0025027299980505797
0.00046673692467835937
0.0007757752737531501
0.0013692766444746362
0.002740662392236337
-0.0005090862944773534
0.0008037579003952414
-0.0007522998689308034
-0.0021846160139170367
-0.0057535115872683045
-0.008096076212079898
-0.009626393627818924
-0.010003033569213775
-0.012878767454424806
-0.010690363225867909
-0.013280460099397023
-0.013032539818753939
-0.019457193421705786
-0.01578183334019738
-0.020655575129286143
-0.021806122989843375
-0.018577449997042434
-0.021439936687018688
-0.020358758971829243
-0.018074569323489924
-0.020257859414112324
-0.014489490232707835
-0.01574712854857924
-0.011325189126494118
-0.010910341010164554
-0.010695060011730016
-0.014778451910758104
-0.012616959711141495
-0.008599798274846233
-0.013362215860048285
-0.010166399673315238
-0.010333847420124302
-0.00958425240203125
-0.010727408929167806
-0.011427974604727878
-0.006035457598603977
-0.004480734826543412
-0.0044190902706464225
-0.003577187106119921
-0.0014628611137508549
-0.000559171250961662
0.002708448029310245
0.005868772401263237
0.0067445556896780804
0.005036380764573471
0.007896306979875672
0.008889352394580288
0.010910712685290718
0.01694833603428603
0.015302064626369022
0.018255827652935055
0.020297795846456915
0.021510549420782895
0.025287504698050956
0.02227566700024839
0.026973483705619607
0.02798701385214865
0.02478872944743458
0.025246610111922516
0.0210731818042421
0.021413178156483685
0.02160998435378522
0.016933008978143368
0.01785388794965126
0.01875672838908186
0.0130035980322127
0.012205788502727992
0.01254129711050773
0.013184537398492504
0.015215096688978219
0.014458358174441207
0.011763285671148638
0.017259495543290895
0.017305308014157396
0.017342461828246898
0.018907894915828557
0.021052256944654072
0.022386098172128856
0.022633196019662023
0.025787334845744993
0.024059428580353006
0.02510132484335176
0.025876365060359407
0.01983703703576831
0.01849807544592514
0.020423736630855734
0.016604338908815505
0.01599536577930932
0.014916903911327661
0.01626004500393931
0.0156666363311827
0.016167462563034887
0.01755144382927578
0.016119347651638815
0.01841558135246841
0.02126810627726792
0.0183323988254754
0.018435789969092713
0.017759131657468404
0.021164962198159797
0.019197937642163394
0.020009761163242
0.01917723695437944
0.018416762923180063
0.010840964924850156
0.012514450622284052
0.007394872341569813
0.007259621052993798
0.003903248486328848
0.004050708119503932
0.0016993702867889244
0.005812293569176277
0.0021621821943618963
0.0024011039879271185
0.005139085210317792
0.0059599821847558755
0.005340698426732836
0.00476800991221627
0.005329862658173844
0.008273734499932019
0.011203050223395721
0.00879269074001816
0.00930552905791523
0.013130872295038357
0.010563863233688964
0.018383961705324414
0.01718714961809321
0.017987986995443992
0.020637190479335904
0.02187962223666093
0.023146805252792144
0.030557447885386814
0.03019584588875746
0.03533480397175721
0.0374146911053255
0.04508632306535866
0.046086901521705075
0.05285394286360829
0.05979733469965536
0.061145213768210534
0.06443358416807683
0.07001295052085622
0.07873925202126839
0.08126087683869884
0.08238364484487962
0.0903061016042359
0.09187611534575466
0.09101318880030652
0.09674804737673798
0.09432311527054325
0.09833974474859904
0.09585546480240262
0.09914024964968612
0.10016950951782815
0.10281721460064724
0.10344480212563267
0.1022181948314708
0.09960130645606305
0.10181359916358051
0.10503871893369375
0.1070052417682914
0.10857947305802328
0.10762785187285033
0.10993760938753215
0.10740199685530225
0.11048678136325081
0.10663152075223752
0.10809738728478757
0.10764497363692166
0.10702325548849866
0.10603109846978896
0.10571593471103363
0.1041288575237685
0.10131623821240203
0.10519760163981365
0.10212263234374712
0.10270692420429924
0.09898231575375117
0.09693794892039742
0.09154864696733349
0.0941187139069733
0.08782133609527233
0.08924548142938121
0.08824162407028144
0.0863501751050258
0.08181051865906239
0.0837260284463207
0.0805260070592458
0.07861005306180521
0.07456454735966889
0.0755563850660477
0.06733060265825301
0.06911744902854737
0.06571923287825829
0.05967094643032092
0.05682995750440034
0.055948377017186156
0.05501728084757918
0.04845014480156471
0.048923559480966605
0.041441068521942945
0.04415761158976428
0.04436542991980135
-0.029492723507621797
-0.026805769568971165
-0.023941830963646955
-0.02367111976399526
-0.022894752519639888
-0.019319274537073553
-0.02040112579084767
-0.01764926166825699
-0.014843544855211648
-0.018616335567986076
-0.012443250542340715
-0.012526391769857868
-0.013674707816490854
-0.013725230820659042
-0.012046216964256121
-0.009022790029570368
-0.014580132614770378
-0.013013057814919331
-0.015223542770097674
-0.014482290006319277
-0.010230907522330857
-0.015093782679179227
-0.013545345636214682
-0.01749309613651081
-0.016535010437992798
-0.01706756201708858
-0.021754249657968544
-0.020335041352003935
-0.02475654407103007
-0.025229767400561317
-0.027453886467374802
-0.029993384733468676
-0.02954000540150452
-0.029256850058979756
-0.03134910007233454
-0.029221330407490868
-0.028377791639887764
-0.029806544805384434
-0.025579137077175202
-0.025568958636748025
-0.02531952005506883
-0.02446971126633491
-0.0220132434728055
-0.019787415110959636
-0.01754379131028914
-0.016745450604107703
-0.012958442489130084
-0.015484816029279641
-0.01723181498098608
-0.010457821252673914
-0.01606173152978729
-0.013336385495754275
-0.011404803344600416
-0.015332022155471445
-0.013644717292323659
-0.012476228129824908
-0.012290663528038764
-0.012624916283289375
-0.014315477342936013
-0.011230313137023402
-0.010869552042737988
-0.007939006181057228
-0.011517744373512488
-0.00759654636938847
-0.008169859363715013
-0.006637276740612314
-0.0036137790387714814
0.0009676959672193335
-0.00041128890643144514
0.00026069754771754645
0.003484422020254982
0.008739570966935896
0.009703631875481874
0.01028526515932127
0.007500160547673432
0.010353938172463566
0.00755188617245483
0.010960898992045562
0.010368203070394466
0.006813127943688055
0.008126687950288607
0.0072759778540199445
0.003855808125243463
0.003707125784031015
0.002504588491380965
-0.0005415729024534306
-3.518711652986235e-6
0.0002742080088531885
0.0006258697644698992
-5.1464563317331225e-5
-0.0008631675707868896
-0.0057791594415727374
-0.005960756504062599
-0.011157016998022733
-0.007233973593995485
-0.009591575352997664
-0.015707795650974993
-0.017495938401647575
-0.017859299810667945
-0.017172256345554106
-0.01891808549208323
-0.021465789803646076
-0.018055787168970695
-0.020440339817762866
-0.02007103153310029
-0.01906021614593421
-0.02199484140333797
-0.020285552776145847
-0.021174531198840763
-0.02225706184162946
-0.02009427865607193
-0.01944022505221438
-0.017872376233887956
-0.021966015530312414
-0.021656618149470706
-0.021076121557092202
-0.02114382941779601
-0.017157438494868327
-0.021240915392546276
-0.019636726572956738
-0.018589207074228037
-0.020789426084643542
-0.018020417299567125
-0.018755771215137416
-0.018969850665341036
-0.017508874286017186
-0.02063609950306006
-0.022138422224248017
-0.01942009101316385
-0.01812007004744543
-0.019355271962195345
-0.017460345948201537
-0.01873606548171437
-0.018310788864241357
-0.021124972944731913
-0.01564006420931519
-0.020825841358298094
-0.019337567954650962
-0.018907217001530332
-0.022865167429561
-0.027009524454624415
-0.024128423193450894
-0.025819408670162098
-0.02772640669627957
-0.027614850589258243
-0.02586462741654375
-0.03105401031670342
-0.028876109815892535
-0.028796874509245386
-0.02894969420536911
-0.023243834091781275
-0.022910883741788745
-0.02181009505088758
-0.02527969774822963
-0.02444232448266499
-0.01832976154843809
-0.017042657015879155
-0.019137642789450737
-0.016902577739088633
-0.02006961936057834
-0.01833553486134471
-0.017529107995104654
-0.020567317538907996
-0.01720483570401949
-0.018519016055341737
-0.01857387644023417
-0.0164576923652397
-0.020206345242034775
-0.0170555726325736
-0.02032757908746855
-0.018853270476115565
-0.019216083296794216
-0.015683222498293518
-0.018258472738269197
-0.01708967479056961
-0.021546906629250042
-0.01970659532194966
-0.022849034119002146
-0.025039347038659114
-0.023112533480216822
-0.02678372520022405
-0.022463652304126707
-0.02304503478914209
-0.0230102253801196
-0.0250937455799028
-0.024717690430899216
-0.023373508718285262
-0.025477479431392606
-0.023344681263655073
-0.021797758161471135
-0.02031387826791967
-0.021618823466771263
-0.018825421688995307
-0.021155547552554298
-0.0182270273526467
-0.017638687175880175
-0.02071390729635899
-0.017660401573292767
-0.019901792041590913
-0.020292002877569673
-0.01693637411027768
-0.020808929014950045
-0.021753205396704407
-0.018354607271318362
-0.021519053895804063
-0.02232524498053009
-0.026636270316845907
-0.023612416964531587
-0.027087808560150275
-0.02833560156872677
-0.025774938006175113
-0.025483987459208737
-0.02336028124609164
-0.025088153797557435
-0.022688634471694
-0.020848922860975738
-0.020581130419548448
-0.02140508750468126
-0.015991850811058687
-0.015772165820916246
-0.016690502457051847
-0.01697873424887162
-0.01846202077744002
-0.017054812745484628
-0.01625019088296704
-0.016863494148933265
-0.018366208737325078
-0.019830824028121818
-0.02036882823204833
-0.017799470034394405
-0.016437624804865807
-0.015775795787376
-0.0152765460534464
-0.01932332798073109
-0.014763051995042674
-0.015291090121190898
-0.015489600052183354
-0.015181631921726937
-0.013605137270548852
-0.009853411500353156
-0.009318903112226475
-0.008588071663717788
-0.0026965504777018766
-0.0029147159831282407
-0.0005471113831909384
-0.0014141402697279294
-0.0024188085289030617
8.181027456783847e-5
-0.0013277582396163013
-0.0011841761537888182
-0.001504897216096926
0.001787137555802695
0.002351057908370366
0.0034823163739493394
-0.0004160185874512016
0.0014038585405295922
0.004560032172149505
0.005122131484142927
0.006989811027355115
0.011234058562725843
0.015234881207724437
0.017005489523624167
0.01936939609521164
0.02407638807808956
0.025958788127821587
0.032377396993852794
0.03210117721950207
0.033856155686502694
0.04040371995083666
0.039625292844610714
0.04315143086144827
0.03985545808514964
0.0456416934305147
0.042751560802785867
0.04618020197731241
0.040743766345635
0.04239334271602186
0.039498732395884126
0.04289761279728509
0.03905921524596509
0.04160455227483775
0.036997138332109075
0.034907418858126586
0.04057101656248157
0.03974993430040011
0.041296129913682214
0.03745605330233625
0.04075642000314504
0.043321687460503466
0.04108528661895482
0.045121835021618616
0.04039573495179303
0.04521196638341402
0.04457566091804231
0.04565576494620203
0.04199153724967809
0.04061771287318559
0.04042337916370088
0.037045849343653306
0.039122978504023735
0.034744084783907815
0.03566684435289588
0.03112409483731731
0.030586657617151403
0.03210402347872805
0.027011497477860896
0.03029525946345567
0.027729695255407177
0.028148507150542543
0.029360332457286382
0.026317610299619532
0.027263022491860845
0.024806154376873484
0.022669214078292196
0.02263423624676961
0.026217510581879877
0.02269811534346984
0.02115455383769863
0.01945170060682729
0.022476649543870096
0.0188246892852937
0.019375699907235134
0.019786137364106105
0.01499232823862948
0.014936485870982352
0.013491534122020046
0.01103121301662271
0.013541276888209771
0.0068853808523087695
0.007749222850652509
0.008413377737665026
0.009285428749989236
0.004986633645356788
0.006193509463411499
0.004166368285550532
0.006196338397148458
0.0005856945717499267
0.0024500333459102595
-0.0013798446714803898
0.002303225733564488
-0.0031087659776460933
-0.003753027556898486
-0.00430769951272812
-0.007271685370143981
-0.010151495662559936
-0.011764545558729564
-0.008836577494952058
-0.010224817044239257
-0.013614731931987818
-0.01099889816403638
-0.01267935188642973
-0.013541010240360578
-0.010886281472486638
-0.011138578571703039
-0.011506789760126972
-0.0093714520530815
-0.011742627220522531
-0.01096108715249281
-0.00996142348437244
-0.013200323239170107
-0.011731442020096034
-0.009700955765156621
-0.011134615069114433
-0.013811633682956168
-0.012697258986959835
-0.016254983962694456
-0.017363768228773238
-0.01928344597965172
-0.017133739864895872
-0.02157679010888673
-0.019551714051617524
-0.023417893466330893
-0.022791715178542286
-0.025530393550937766
-0.023992767977462297
-0.023896906237690647
-0.02299237436387886
-0.023710894135792925
-0.020936862523683746
-0.022681689195959056
-0.02248015142383867
-0.017474779852895687
-0.01861795956057838
-0.021398400885629436
-0.015728860926582437
-0.016878513321411097
-0.01735372743256745
-0.014660269473751136
-0.015668510339250968
-0.019248432738502172
-0.020222789344634534
-0.01804180322271292
-0.020699634972660357
-0.02492439732618595
-0.023570619834412106
-0.0264597904362066
-0.02860497144864687
-0.02848522103587656
-0.023833767754116792
-0.02297519770501921
-0.023056029012674794
-0.021769907423061077
-0.021362802194755087
-0.0231337397788545
-0.01675695245917563
-0.016369019464865867
-0.01928896674421302
-0.015971868845677833
-0.017080244262462352
-0.013242774975970118
-0.013784617977777924
-0.014221782523635389
-0.014035891652793075
-0.01526835140339987
-0.019313183446151586
-0.023189732749003954
-0.024523696662425487
-0.020859306473398526
-0.025950054896026902
-0.024822601513493667
-0.02265830211379053
-0.023385752046419284
-0.020852106732789782
-0.022179131482270333
-0.02140991502067467
-0.016438405167468337
-0.01868774150307952
-0.011829801818908844
-0.0099629351669994
-0.010130888867646123
-0.008190262150950148
-0.008159944410991172
-0.005892083166226843
-0.004067509017883588
-0.004191431909892785
-0.004735613068013989
-0.003327113295870343
0.00012773687547160202
0.0010682828087595544
-0.0005405945522979328
5.695179868045764e-5
0.0012940072968358886
0.002449969483980951
0.005965225383802916
0.003798157846970748
0.007287368484827101
0.010987662736336971
0.0107857296038906
0.011880690136351756
0.0183103260493644
0.014907908318398935
0.02069432881931621
0.01905268874521418
0.02158649724404417
0.028129692445265638
0.027185078557554282
0.025754689023252213
0.03009496003365375
0.02942235966310912
0.02882197711749384
0.027681768433319827
0.032388930998639466
0.0336624996564126
0.03447770412773321
0.03076525208864164
0.032052244419081395
0.03404816253422527
0.033640474293322634
0.030856008955797334
0.033587722864247715
0.030704159667529228
0.03140803418364402
0.034284538372198706
0.032458767219664036
0.034239041426587166
0.031118222372755917
0.03399855129571507
0.03254022600581069
0.037145288862584745
0.037517441291626534
0.039362856928194356
0.03897258049179585
0.041130837063441776
0.038204685547094545
0.044066602354666896
0.0420096589499817
0.04249517990558762
0.044792619971984735
0.041367736837589694
0.042839683689934925
0.0400860706987251
0.03796093733547871
0.03535011493366188
0.030907706711698978
0.028187070786045463
0.029596329861264488
0.026474428481831794
0.023069581433170276
0.01929189469397729
0.017964807017202104
0.01539061534407153
0.009853870177794917
0.010088872532494332
0.010165027425827491
0.006581857731307755
0.0008629673996216463
0.0024224789830759163
0.0013139742700805116
0.0019855890155314197
-0.00040630820120581674
-0.001169025850731366
-0.0013361114670712765
0.001204280975565357
-0.0012801622437226261
0.0012151112477554293
-0.0031902892185538584
-3.614971184068295e-5
-0.0040194626548141175
-0.004846518782495559
-0.005410564711073017
-0.004217531204736651
-0.009809269504917274
-0.00933480620438602
-0.009877326990119692
-0.016091415454279258
-0.017778470228465983
-0.019764399371123054
-0.020045568321998265
-0.020523124956474844
-0.019872818493182433
-0.017839462220420935
-0.015492214083082321
-0.011687047321801614
-0.009835610341288306
-0.005290832190986896
-0.003928552791666914
-0.0029081382561904406
0.00413558877346979
0.007984414753401812
0.011681827098474503
0.01469495705983261
0.016580294134852205
0.014387197603767932
0.021365960857559093
0.02063868175986165
0.018242877115513197
0.021263155866563053
0.01807732278735108
0.0205833401834757
0.019851184874709348
0.019444379005875506
0.016126099985833618
0.018385113272532734
0.017362150627013996
0.014468121668650039
0.015232011709840818
0.016974350540166515
0.01981591056737546
0.019419242592193506
0.01710687627167421
0.021927529406805982
0.017440438258128247
0.019355551701015983
0.023393992277408262
0.021978773296677436
0.023395997323013933
0.024182352861426046
0.024481758187376454
0.02113885286788083
0.02241922169549364
0.02041098553472575
0.021090995191976
0.02138099446436467
0.020868100999861017
0.0189552292706006
0.018515984626745193
0.014792495905964957
0.018168806759602647
0.016238974014878577
0.01722225265983928
0.014083741915901797
0.013850069767827888
0.01719836380662072
0.021462735130349048
0.019397484381463905
0.024155416541654248
0.02498419911703262
0.027308071857798006
0.028485369286979707
0.031745271340861865
0.03139805109673429
0.030107983828120174
0.030420646029986204
0.031356938624278144
0.03363102038683827
0.028540636000465993
0.02743930696348251
0.03009169344698427
0.029661865411878447
0.025011348508523986
0.023260046325490703
0.02322919917360344
0.02488938660177356
0.01857021089359934
0.02385812582678436
0.019932836270222534
0.02029192279439309
0.021569971827267498
0.02096015210064931
0.01984870317429188
0.024055709946322876
0.022597292005086794
0.026487189627377807
0.021755422335808225
0.027689208922247188
0.0275949949669767
0.02436558091814613
0.02443066166155782
0.02386896038174529
0.02417282786478674
0.02240565521483766
0.017659609114828834
0.020061775657610467
0.015377176386726308
0.013482133954704696
0.01343890136919808
0.011686767429472118
0.008085505579971375
0.006146799759946877
0.004569202069463063
0.005881247170196766
0.006137884462251903
0.00551605888806691
0.0073459599097419545
0.007328995339234411
0.00998860038054267
0.008907587781806047
0.00836521558214846
0.01449153106258233
0.010051320333944846
0.011776113311536284
0.01606263009587062
0.016925025558492457
0.014584555158278811
0.019054579883722847
0.021189821874985557
0.02006625302706166
0.023168883170492954
0.020846675170462275
0.025490246434962262
0.02193551015656719
0.025573087125459717
0.025459084049386804
0.024421885900519767
0.027524448503339693
0.025478422010856334
0.029013759898339687
0.02779865581633678
0.02454263851632282
0.028581462243967223
0.027486885259899067
0.02341156525500819
0.028481764365721786
0.02512610738198356
0.025546449308061426
0.021102227437723123
0.0227103218902192
0.023658396375531823
0.02411896330811991
0.01895263364235154
0.02268840187324465
0.020901042711047816
0.01743889129868476
0.018098582367305216
0.016868331680631104
0.019271026303810584
0.01649732201872424
0.014928610365979674
0.01652915291502737
0.014613813773256054
0.014684088192807716
0.02009526024650454
0.0159014506178613
0.01970878286272771
0.014325185593020612
0.015669625948132933
0.016706624752995745
0.016220086997438116
0.016407503084262306
0.014108839700463638
0.013101808967384696
0.013036063923172386
0.00981913845619836
0.0032785782451342916
0.006604113608797211
0.00048458012604245027
1.88092850724916e-5
-0.0026035364434779866
-0.0041716024434569005
-0.005586610743202965
-0.010343831716326983
-0.013452798789645478
-0.010654211096083874
-0.016348777020444835
-0.01450413403811414
-0.013279350186983447
-0.0140580779153597
-0.0184254807223483
-0.015630610243894155
-0.01956357349106836
-0.01845118591344091
-0.019868485406785708
-0.02020656948888809
-0.022606820711884808
-0.024215713850085422
-0.024162565611554308
-0.025892990453063855
-0.028285492453341415
-0.0316916216145776
-0.034934289705159494
-0.03567838611426778
-0.03668918528453048
-0.03096776585745227
-0.0360811583902622
-0.03265189141427166
-0.032223620085458815
-0.03222412920873136
-0.029102832736305245
-0.027962346907273422
-0.022931690164295252
-0.022540255949238464
-0.02366315003253549
-0.022660943683658487
-0.018682493132287693
-0.01774414016629322
-0.012749380035576107
-0.011080282787313142
-0.012759801369752466
-0.00968618372475595
-0.005144879776700003
-0.00149909016393667
-0.0009496172845769878
-0.002254998101825407
0.004224479744556647
0.0019505131637127533
0.004754298499974375
0.010199907374562885
0.006980691162075761
0.013680176140728544
0.014523177833162489
0.013625888712607462
0.012817879194687657
0.011070219561536903
0.01389540556623588
0.010598048358809762
0.011203387919237492
0.01212848305750272
0.014930339793249656
0.013263245611240591
0.013347804248797527
0.014098440349400559
0.011897265846372412
0.013462783645387518
0.012046193726795044
0.013506171844417039
0.013411246673908021
0.013906921005274474
0.013685171739193737
0.009341547081105527
0.007960171587789276
0.01068059339303978
0.00561950552146297
0.003731264961476212
0.0057729932719388245
0.0039023961599103656
0.002218303212219906
0.002901480309038689
0.003909421319758941
0.000627624998241767
0.0036001994423092553
0.000778870266915876
0.003439759627009383
0.004734475784073852
0.007612951703479089
0.009313500843290983
0.012405220671310021
0.012116217919301148
0.015166168156088157
0.014456716341340487
0.014956062040752496
0.017181493525886462
0.021886067775111
0.019571293104977114
0.0208879057409718
0.026967924013674816
0.026610351616555485
0.024591667003975068
0.026594713426236795
0.02583309317259323
0.024350536664175117
0.027660977853019915
0.026534292645937724
0.02716557109802978
0.02753500960170633
0.023689866596418942
0.02860236834025869
0.028294889662200555
0.025303065833732187
0.0280968312923944
0.02894977572660644
0.026589294570379503
0.028161614062671595
0.029470831801834328
0.03174870574650159
0.031755106389447986
0.032803833760237724
0.03261347015767244
0.03355884764904577
0.034357873148167524
0.031101527512800525
0.0350737210507214
0.0351148633992422
0.0380503397190894
0.03590439792362026
0.03811898598942262
0.03913025375369751
0.04138156817116401
0.03867735426650246
0.04305500702718213
0.0413308546252674
0.040201392309170525
0.03859225882305834
0.04099846489168489
0.04410330639604713
0.0420224915528057
0.040733547407750675
0.04207078690145123
0.0373277063889017
0.03818037793195995
0.03787521194969644
0.03734105133652719
0.03845790504907473
0.03746233159289305
0.03420104436250044
0.03314346717650376
0.035059803390722795
0.03413217360769922
0.035580351646826304
0.037468186217628166
0.036733366399141765
0.03321466749912494
0.03306383434672108
0.03420863059184349
0.03463665293565631
0.034902773330740704
0.033123343496529026
0.030950026497893978
0.03162872135885366
0.027983880208497975
0.02787869194823881
0.026585771210892794
0.028919402553978582
0.024580125057055358
0.02511485102066457
0.021494810683884504
0.0222414662896984
0.02375343284566172
0.022195803897721997
0.022142436917688645
0.024726752502429006
0.027841065236013162
0.02689777066253294
0.02849502798840307
0.03031891834198489
0.030736339179844353
0.030394748505939817
0.02791908808816325
0.026381299179650673
0.023522033744060596
0.018676031480548957
0.015284323510431084
0.017438241497984577
0.013579353686581164
0.013532076370142811
0.008580835258683755
0.01029306476973785
0.0039309641030119665
0.0031223147968677477
0.0050851982441733916
0.00367014673293184
0.003715740841113147
0.0013387049458885073
0.003402402345606612
0.004656838792789223
0.005254110854417198
0.005023874116986983
0.002488319031130315
0.0016470349764029933
0.0005088053172250226
-0.005000826324357643
-0.006131872924947459
-0.0024549485274238713
-0.0054642121586933965
-0.009274220451382712
-0.0059594327094166675
-0.006242993172652897
-0.008117774127946998
-0.009795440256811696
-0.011504819823139542
-0.013238660172887719
-0.01456804913460886
-0.011954242104399174
-0.016208093879973236
-0.014748401457940999
-0.017910918389006245
-0.020040023523601753
-0.017531836970576923
-0.022644254333300546
-0.023904873039051
-0.02490483664998492
-0.02330013022628465
-0.025490154193749583
-0.028089593521704044
-0.0289226015600581
-0.02923707417010341
-0.03389623962054535
-0.03473797762490687
-0.03614009983581552
-0.031040253662663362
-0.0374624441567079
-0.034376348400018845
-0.03808353229851466
-0.03476685479140575
-0.039563492684859376
-0.037753445052320124
-0.03419689879825366
-0.03714555273103006
-0.03667610533264824
-0.036386277690434905
-0.03145883798595493
-0.033114742015942306
-0.02795157256677236
-0.027243789187704485
-0.026762093317092513
-0.019740458005083384
-0.0201178551325773
-0.014410273401792774
-0.012189306601729403
-0.013765788520976232
-0.011199795811438188
-0.006631375825683922
-0.0037673469544813472
-0.007815237986322002
-0.0030181504214276023
-0.004315882632686127
0.0004093822784556491
-0.0009034951372805282
0.001382104074067563
0.0009764950256118578
0.005947694895656313
0.005576770256217523
0.0033935819560583194
0.002909686403395163
0.0075897466973169824
0.004648290149384553
0.003824528585580791
0.00442917627189767
0.009137106664487325
0.008229244441685591
0.00647277653594474
0.0076415690917976346
0.005336537591964786
0.011166169838555303
0.00849584589023793
0.011843791358595911
0.011191871138511597
0.01233235568804912
0.013968949999402368
0.015235392773373118
0.01617315148747407
0.022569262732768876
0.020540458541187735
0.026274159552818924
0.024750518745074557
0.023446160543571036
0.023603135668353002
0.02958850995616491
0.02730102213245852
0.028185599510401088
0.030102035016255434
0.03212225605652554
0.02919238402503507
0.03598168476921996
0.03302951948173346
0.035215284365834224
0.04069457104680802
0.040299684484165384
0.04290297856626766
0.04410414635206638
0.042793299258493234
0.018588051750619977
0.016900106174549036
0.022405923832864563
0.020890168485476677
0.01665282937859063
0.021814405657513705
0.01599022736267619
0.01796130191596423
0.01622523900473162
0.014568191159394747
0.01707571226222173
0.013618816020498881
0.012546138239034778
0.010779268780707145
0.0124332316426504
0.009679054599334243
0.008598818080511484
0.005324356257140231
0.006240710903466931
0.001970633303570121
0.0042175239129306616
0.0033803022842408656
0.0050120354873514775
0.001858741305403466
0.002483600372788601
-0.002962460746088613
-0.0004617125135236532
-0.0010281886073275858
0.0007478970594654088
-0.003636140892825069
0.0018636667127387568
0.0008505124592243502
-0.0014620530224199871
-0.0026801213487406997
-0.0001275137440478825
0.000423423290510717
0.0017908650683049808
0.00015702492117472365
-0.003942724676441959
-0.005959178766293172
-0.0033482785663922253
-0.006708874286893532
-0.012796781985122328
-0.011357933224197004
-0.017308241618923213
-0.01705456467233198
-0.023110974566266602
-0.022531534708597097
-0.026553269697535437
-0.028094421902023346
-0.02622240723760141
-0.03288120767256925
-0.03183529029473179
-0.038143841838814044
-0.03774123001376292
-0.03695106488102019
-0.044555508519007005
-0.04213683486563093
-0.04437878798884791
-0.04929854744813169
-0.05081977010891727
-0.05186659365587601
-0.055464071259713796
-0.05772363319652164
-0.05549456066184344
-0.062178490453883344
-0.06249637049560636
-0.06064668873713164
-0.06007810218482107
-0.06169944485523917
-0.060578820850927785
-0.061854612171600605
-0.058051671182462905
-0.059557676335689355
-0.05615690304940841
-0.06012045865487936
-0.05858680907009727
-0.056055752258221236
-0.05172859130079184
-0.05082938128215547
-0.048169936592632565
-0.046250628753884665
-0.04746886357860192
-0.042953462197199636
-0.043620090005868195
-0.038926741903033066
-0.03840101211453384
-0.034573222572243385
-0.032720934171512464
-0.03405221763600606
-0.03016044278494168
-0.025573401793367166
-0.02236534449608923
-0.026612349537691146
-0.021566291406992733
-0.01883503982827881
-0.01991719387588553
-0.019007590890956733
-0.013809008798112695
-0.01595615933461101
-0.008774274180805662
-0.012565872708756422
-0.008438445853520481
-0.007765252988531418
-0.005670669284962451
-0.0012086972692302625
-0.0037057423289954617
0.0004752492540767482
-0.000561225619033018
0.0018620382727405017
0.002576020579089154
0.005407706559334139
0.0018053959698939657
0.0026728043104614287
0.0031903218821979543
0.005978760839909866
0.008366387407478451
0.011271696015180294
0.014350001238050478
0.012170064257541524
0.01655632227320964
0.0146190908425405
0.019963289782594686
0.023035228373163942
0.019387868116198873
0.02366324192880921
0.02441623115968033
0.02710162838663223
0.026976680576203445
0.029801339817392015
0.03292016865860577
0.03560747982302009
0.03788913755766668
0.03873645809330354
0.0391775371425507
0.03580734300939099
0.03967640468102803
0.0427983560380099
0.04050771896123135
0.03855110652753063
0.04279726913010894
0.041555987933306185
0.0437915719841023
0.042453402067484367
0.04178555160909865
0.0461941877055037
0.04422347184992904
0.042373132490627956
0.04759383205027053
0.046922295717248874
0.04707905365624202
0.04923090862950829
0.051775842593479046
0.04877751836252055
0.049147530685388255
0.05326879287289451
0.04993750011054578
0.050616686951358306
0.0533190383195036
0.051362197884039985
0.05012741263347412
0.04804587928189445
0.05241101513270091
0.04948792508494781
0.04749933633651645
0.04875285705341714
0.05267054749377492
0.04736683074414426
0.049024197611346666
0.04982928584649969
0.046546063304378764
0.045079485830427125
0.045075714908695996
0.04158195717836562
0.04052451053062866
0.03671822995842738
0.03150233865232818
0.030321049502947395
0.023412501937833143
0.020363219701240082
0.020196301787199014
0.014889686952473197
0.010658637727600248
0.009252568171765932
0.011928361683295157
0.008424596794313661
0.007802214941158863
0.005047514028531501
0.005171860002743564
0.010153257452039125
0.008510924097176634
0.009994726701948203
0.011595041499851298
0.012705070029454155
0.012718465819501411
0.017849322703487807
0.01963282967443324
0.018409219193492202
0.020733891548228148
0.019285447963880896
0.021306673416842458
0.018179379898834887
0.016130004079664643
0.019027671711890622
0.017641432575978094
0.013490568532508926
0.01626701587787667
0.01203911405674933
0.009328295826152182
0.012401843158868758
0.011615807567071538
0.010315254408896907
0.007703227873790812
0.008751212883387054
0.005444084252038603
0.00816054433432075
0.0028636167164864733
0.006569686274897787
0.005944160721280412
0.005563968309854182
0.00875824553173538
0.011531492937544397
0.01159955331458254
0.011587742922690837
0.011578225616044007
0.013788358739261531
0.016609659219982312
0.017913820836225475
0.018673526251839316
0.01836891665909516
0.020863200003562583
0.01902652648043845
0.020158758142141613
0.024355905946441127
0.021374031162943428
0.02265056048872904
0.027261213763276195
0.025789206704413363
0.02880000745444331
0.030164787448068806
0.028892571260663073
0.030149566546773716
0.026618223012436687
0.03192377226712015
0.032608684263899713
0.032230565944953944
0.03348317527124193
0.03439056182699608
0.03402756985758845
0.03509150510129812
0.03222174323427034
0.036959781764674904
0.0324121805801734
0.03600342730357968
0.03320067419270137
0.034307844380328224
0.03593508376912777
0.03350395790796423
0.03330511381458796
0.03137622448725027
0.03213404090155145
0.030085763110129587
0.03191335224866367
0.02982190011404486
0.033378132065480966
0.03249136312798621
0.026555373329561732
0.030167965322808046
0.028421322934232583
0.029448448958880886
0.02542688423628578
0.021598406966872957
0.021815060605821786
0.02379116352064493
0.022749025276728004
0.018253685282763256
0.020614585493176036
0.020258194178496666
0.01613146320476286
0.020459337152737535
0.015055045414290738
0.018384106114140535
0.018487800460264006
0.019698957557508827
0.01936460241444289
0.017620566464377034
0.017611568144147813
0.018490493559700734
0.0204150434149486
0.017344925070311747
0.01808295003464779
0.017226140288755843
0.01852236600102221
0.016954146344498173
0.016521192431610657
0.018350741361681754
0.01689150315164668
0.014859867994222854
0.015131892323127486
0.017872782973469784
0.015035490716417091
0.01781901687040959
0.017588104186028394
0.0197414117966648
0.017019845138057026
0.01857766864508698
0.01966089491313885
0.022786036181764502
0.021248400931897102
0.02450748363410029
0.02229704046365203
0.025804641854535588
0.022638711162392345
0.024968076745353902
0.024801986866513914
0.022940956054998556
0.025833753710332932
0.02254449845114926
0.02680976642686585
0.024818546070245945
0.022313175013349684
0.024137061587133024
0.021281231733368083
0.01851539146591704
0.02093609182014353
0.017862939371927955
0.017724769365364584
0.011728019083814371
0.012128994209071223
0.014825008226178531
0.014278742283688453
0.013414635213837551
0.011452674764977968
0.01084383539639769
0.009563367797717017
0.015430895156319213
0.010507090143686238
0.014852181724336768
0.016925248582117962
0.017671492515118906
0.01715341134916428
0.022025672843851037
0.019348267460254746
0.020121702987211363
0.01802269982983023
0.0184943489329081
0.01802250872244975
0.016484007048099995
0.015502057186977758
0.015528360076325281
0.015301760032556242
0.016060019247073197
0.013020454864191094
0.009682270582537827
0.01212800673199298
0.008969710059630607
0.011780120283870222
0.010275151238376308
0.010885521472835004
0.008399310653151177
0.009595364926068897
0.011698231732275128
0.014096460423932287
0.011506426977586564
0.012599545829907762
0.01161081047372148
0.011601208650126975
0.009105699320889041
0.011918477262208233
0.01152639039619454
0.009704475564602555
0.0035284217784660086
0.0031006888476202846
0.003578830613676949
-0.002029659993937009
-0.001035961586374467
-0.0034901331672943805
-0.0079435394015286
-0.00908253714726953
-0.009400368284703654
-0.016286956682505623
-0.015628284858430916
-0.018924887945589206
-0.01642824515119744
-0.02002431930714887
-0.02307835940267671
-0.02334692979888216
-0.01861591500650311
-0.018149577266970463
-0.0208226652412465
-0.020263425400056472
-0.014777070364552832
-0.0174362807042482
-0.013970216193979527
-0.009042667617080594
-0.00918976419430155
-0.009349152965849932
-0.002420743930822738
-0.005585971460898621
9.165627515796928e-5
-0.0043991548278393584
-0.0017771088752817263
-0.001086485557718508
-0.0018036227395692782
-0.002632110570596893
-0.0065993644926106276
-0.008322185003316575
-0.006616728131282774
-0.009378115372540042
-0.01022909084728575
-0.012063361013979878
-0.009946400517309627
-0.009741510617457054
-0.011080990245745846
-0.007089578254246908
-0.005473823115149414
-0.005703475280384896
-0.004484513769252406
-0.009328756032111475
-0.008343783893704562
-0.005753677681899717
-0.006033336021540779
-0.007667017304834115
-0.007076045874889082
-0.0072627158167153285
-0.010030638049994661
-0.0063361014706835835
-0.004390059171587292
-0.0035623916543330194
-0.006378582082456336
-0.004863327032721632
-0.0030183646037348195
-0.00108535575533522
0.0014305529269477276
0.008842579110586878
0.01090710666490415
0.014166006310973405
0.01361995560058891
0.013955725162122049
0.021460665093951222
0.022671980392362973
0.02308953973829748
0.019259736003257037
0.022213109868500905
0.023987464129217918
0.019845697538793384
0.01998138560001939
0.018417683422939143
0.014331212113236264
0.015156845512944486
0.011101339815036974
0.010463293879657491
0.010296529963081757
0.006825063451751369
0.008960278375497191
0.009181542773609715
0.01073926779991927
0.015149243951268812
0.014971327463441262
0.01716392828875987
0.019966752265767152
0.025572014279467665
0.025115982860945803
0.030525830820144855
0.030878292356925425
0.03350711894297275
0.03167990840168961
0.03526059129665158
0.034926361679763415
0.032834608672044185
0.02971017173631248
0.02876846076601993
0.03333143310509532
0.032537529809539535
0.031493440762358445
0.028942230059063528
0.028381850307905517
0.03103379818989354
0.026759722070419337
0.03106993673532432
0.031022595388494167
0.03148637152840805
0.03131662690251841
0.028712651599328603
0.03380936986609418
0.0333388961785213
0.030587667339454172
0.03163953721673196
0.03256273514220801
0.035803544597411585
0.03569963532900929
0.033969165592007564
0.03726417838112418
0.03398008021966808
0.03487163382440153
0.037824202622057664
0.03678310951513063
0.03856926954748168
0.034589955887499135
0.03337613902188543
0.0371872017677198
0.032423910060731705
0.0377004481057335
0.03570776239109357
0.032813428031634236
0.03731521989182076
0.03486896568213629
0.03475549789977233
0.031963005137687774
0.035923378239371945
0.031479357358593196
0.03199547020293732
0.03279095257446511
0.02974097723820449
0.029823338386020876
0.029720134367550048
0.03040496206153344
0.03160357627127162
0.030831459752730342
0.027629357208031075
0.027515829279425467
0.02824513034068551
0.03196928620297413
0.02758064568667402
0.028637708090221155
0.030440922359886245
0.02973241780836637
0.027529618739697594
0.028357794903272858
0.02649746262149458
0.025745845686618262
0.02367661797051352
0.028205755106261235
0.024540968321843996
0.024648283102454913
0.029830171556788687
0.027562423451568504
0.026198201823978626
0.02857949113167406
0.029844231050875525
0.03593136950834919
0.035146502040245296
0.03503872997120663
0.036912412391566826
0.03684662944783523
0.035768909478858545
0.04001202565644614
0.03371339855914693
0.03440576940809908
0.03832881643242797
0.0351231050284987
0.03451736334822577
0.03579299986524399
0.030511882095758548
0.028739056133185555
0.030325718015960856
0.027565915499344108
0.030328921464131037
0.026343982996279533
0.026879081373047144
0.024075894451539424
0.02538793425213642
0.025390091971634637
0.026231509643960236
0.022628973089290464
0.020382078230495607
0.019910854648830585
0.01772246527584352
0.01824264312638541
0.013623302235712577
0.009198884119219536
0.006745197378512034
0.006352414258945156
-0.0006198734204459514
-0.005551452967102174
-0.006092262447046524
-0.010472859924982906
-0.012711076461228163
-0.017906438582993223
-0.020665632593101193
-0.016798941350604987
-0.02164800836410634
-0.0217053786526067
-0.024788907231693358
-0.02543118077626486
-0.02105729115032972
-0.022114706559483274
-0.024662795954639424
-0.02512748728120666
-0.025044456045441133
-0.027642620341950766
-0.025928349873468013
-0.02412812422431306
-0.030162465825162386
-0.030203625307475696
-0.03359017073140176
-0.03561689625932698
-0.03457976056308497
-0.0328369683803935
-0.03569330166274636
-0.038560587791376805
-0.03688062366752011
-0.039629351478810144
-0.03685160705241883
-0.03638259986477396
-0.03617182601321786
-0.03590328974565191
-0.03621979485556226
-0.036322717004425326
-0.03710200473826703
-0.036529272666797764
-0.03761723338560777
-0.03701840616263576
-0.03508653452447518
-0.03669218632591196
-0.03931790829431017
-0.04124712293717378
-0.04247479374196214
-0.04286459614876536
-0.0393942877202299
-0.041481793362110456
-0.045139947386545975
-0.040347342617778524
-0.044800278201409714
-0.04210358694529074
-0.04157043026325698
-0.03920438487681463
-0.038238646575005676
-0.03722673960389799
-0.036311981454222826
-0.033665557722046116
-0.035497035079137346
-0.03374360641957626
-0.02921329103936216
-0.028257861867510795
-0.03415701717490037
-0.02895092272467504
-0.03317729791950004
-0.03261263357770324
-0.03296763683647826
-0.03379097287037324
-0.033632712966073945
-0.034418815400083666
-0.033226744397956184
-0.032528000810891335
-0.028739729284786308
-0.02787824176986721
-0.026277576512963075
-0.029401423806776444
-0.024216507115038862
-0.02489933294740339
-0.02206329992351083
-0.022394520901432742
-0.018150162464990575
-0.01829758696940104
-0.013386301962264226
-0.014096133881390364
-0.01527753427575629
-0.009980650559647536
-0.009869559361294529
-0.0038908286829789328
-0.0025167933029669647
-0.0007390926463006045
-0.0020156366185379343
0.0006637247755645231
0.0034855711206157455
0.0036369307615080467
0.00301722117733007
0.00458278608324067
0.004313742247625483
0.00502355804173377
0.007198499488957935
0.005005887985099918
0.010514227493694664
0.011305543187397255
0.009509317096692005
0.011350180948277496
0.0075564872899809375
0.009181813984506581
0.013210215011975394
0.01325926340382425
0.01164054789242122
0.014708649852738875
0.01669637943854508
0.02042912056453751
0.019986641035367333
0.023096478699077137
0.025077154528891758
0.02650126623692143
0.03098269760976413
0.032403840174112436
0.0336841633239419
0.040202242307038664
0.03996277244626046
0.03961078056604403
0.04352248444707897
0.042259389741180146
0.03704427380076819
0.04287435143425276
0.03714237615668533
0.03443032978684893
0.03498008646502679
0.03291255407739957
0.03351006244188932
0.03358808591234377
0.03051954595618078
0.03376588435052723
0.03462379560145003
0.03619148585893899
0.034936991904298706
0.03346319175039799
0.03882522385792501
0.03693568763803827
0.036128825591413526
0.03869632908757388
0.034524182421237205
0.03191199594501682
0.032283845670838106
0.02932410292087937
0.025752154002320816
0.028612285864635944
0.02220257047161122
0.023049000466902305
0.02151969991184071
0.01904793110416007
0.019127656410934318
0.01763517179420818
0.01512464817889962
0.017677586680619303
0.014732102516091713
0.01172047462812713
0.016354688155260887
0.01505858029736669
0.015008036181055649
0.009934325336008997
0.014868279519204346
0.012575679973756106
0.012532100808868296
0.01385790658947365
0.00905137380522819
0.008719049339345745
0.006948087415056509
0.007027520294791132
0.007615229693515173
0.007340039097079112
0.009099677469862415
0.011255393910389938
0.007541276239549172
0.010965966079868411
0.0065293433895582285
0.010034993699399204
0.006765341302461638
0.004569708988542718
0.0036240435034515122
0.005555819906024762
0.0028721857938972814
0.003893759797485307
0.0010693798393336213
0.0016248388023789348
0.002347475897969885
0.003144090225840757
-0.003099171714450655
0.0007982839163749885
0.0007242488164761402
0.0033834814528174405
-0.0005468161145620869
0.001254272584703023
-0.0007531155324321615
0.0036204509011423243
0.0017610040298890392
0.001503087230740217
0.002748648158329061
0.003454603941078634
-0.0029500729131225222
-0.0023917736813381676
-0.003168774832956651
-0.0077559806859428
-0.011225631430969527
-0.01392838750867938
-0.015269764341209422
-0.015791218155526126
-0.020503144759456807
-0.021226360713687942
-0.022919455405433702
-0.020871508716853438
-0.02699623254117348
-0.022613746570462664
-0.025988931318532603
-0.02322296500864892
-0.025796156869315884
-0.023463332829208334
-0.02158942410166348
-0.02085605676854809
-0.019866840103946726
-0.01942749693937364
-0.02264629263446679
-0.016594596192929276
-0.015260606561713894
-0.017314114670076354
-0.018277394517258204
-0.017125455894262773
-0.013717783397210066
-0.011633266361841256
-0.01017817811226047
-0.009403240303913079
-0.013604597541293294
-0.010793082209605733
-0.011225031161772868
-0.0102967601780408
-0.011090579369820596
-0.011821117970151692
-0.011542410238558147
-0.01008026736069033
-0.009090564368660544
-0.004849125260992056
-0.008602170305859146
-0.005491802294802152
-0.0010154457580593417
0.0001153646764428302
-0.0012249058725743022
0.003479809601948579
0.0015390051555134747
-0.0014743638961006375
0.0015196657080033052
0.003037308160222076
0.00018700606034915913
0.005199677189553487
-0.0003751751825331013
0.0014838596765461426
0.0001552486265931026
0.0025448385312245095
-0.000585730299497899
0.003768598050717614
0.006277417741191622
0.0013502689080505674
0.004690139640947389
0.005242863054374453
0.009161592540691096
0.009800433317262408
0.012312399359490134
0.007782674929011226
0.014560218800198334
0.012780488222261528
0.015831871666375674
0.018213611744575642
0.021960814770582253
0.020334150081719196
0.02081922543872798
0.023267012230953416
0.02591316689129798
0.028713853458720743
0.029562575969313755
0.027146649506746615
0.027013450887270765
0.027825582555957632
0.02828392728226326
0.029385485351447575
0.02390216346851835
0.02151798484082517
0.025637727294269223
0.019748598495007753
0.019911521402928314
0.014563352202689853
0.014592933334646821
0.01280073655834115
0.011075234375777291
0.01284305259445442
0.012120629007618669
0.013370745914176849
0.012793786423342118
0.011705815419995397
0.01227131313854276
0.011458120591196098
0.014552764104520558
0.014100616257329722
0.014083073728793962
0.016810437646652986
0.012099095437921021
0.01271642561157244
0.00650288909668889
0.006201802338249404
0.007091019907685854
0.00447496508833248
0.001954202592442736
-0.0010464423808523617
-0.0023950358590546063
-0.0041886950396516675
-0.004085951062064234
-0.0017111027716205718
-0.0054875971338407825
-0.001416601727176463
-0.002515559640725277
-0.00179318098652661
-0.0002839113052589549
-0.00016071106883661654
0.0025222608631000417
-0.00043462671995206283
0.004157833325273852
0.0009612445336816476
0.0015628763079644815
0.0027652265884684692
0.0001806427494731286
-0.005336774346258289
-0.005672437331195842
-0.0012262200677769883
-0.005436793739786053
-0.006647607096036348
-0.009098192638169172
-0.00826665592405243
-0.011064854327143032
-0.00514096613478272
-0.008452930148858385
-0.006600620557773659
-0.01096251833285476
-0.011133217751532061
-0.006203458994966079
-0.0077299599640821195
-0.0074440456544343165
-0.01024633833674369
-0.010733711325795163
-0.014592499455119938
-0.016253697584997763
-0.01698900191329002
-0.016359704412053994
-0.017247661129064312
-0.018468111492140105
-0.01944679796400825
-0.022727186649479727
-0.018817141036559088
-0.02317182623490365
-0.024061395656053156
-0.019888228855251218
-0.0232389434010441
-0.022000687085856268
-0.02127916871474385
-0.023456696181144328
-0.020665443008829356
-0.02095195185245037
-0.01775279462815417
-0.020658967836788857
-0.01885963126783786
-0.019703150307477324
-0.017753276421510457
-0.022012855128838542
-0.016995047208949007
-0.020930465830680846
-0.017501672950124114
-0.020762148229206995
-0.021145814433313127
-0.01840432599121377
-0.01911403283111732
-0.021506710281738332
-0.020536644823182962
-0.021171235093981413
-0.023005316379263323
-0.020555134436461127
-0.018377950015868505
-0.015114188187289034
-0.016580449614159908
-0.014220837153371703
-0.01444079094264306
-0.01168566103726306
-0.00983924241862198
-0.009196530161012954
-0.005351217175612522
-0.004436738786920529
-0.008726047211651978
-0.008841054949041456
-0.0076384063998753485
-0.0047897690802314
-0.0031613985556627026
-0.007006101735909389
-0.0037637344328581438
-0.0028778309549725893
-0.007253604563551424
-0.008374451105150426
-0.0040030498547015065
-0.008343701477608522
-0.005887325087243314
-0.00392241776415011
-0.0032019982669935733
-0.0061938127527125355
0.00023335489880935167
0.00011374345170716954
0.0008392734432937391
-0.00024213964906323425
0.000479916229227909
0.0011910620838854016
0.0016846785666881738
0.0004034293016015861
0.0021299728645439338
0.0029601704511284964
-0.0014282267497340156
0.0022152804962718535
0.0029142081635544176
0.001822521101016166
-0.001686392096625232
0.0005834520298118637
-0.0012235772104772058
-0.0024705684051639326
