4.56921271529318e-02
4.55251999345150e-02
4.64593077899465e-02
4.78941363828439e-02
4.91882214757922e-02
5.08290771200998e-02
5.20388213193236e-02
5.38165009035323e-02
5.61329894574673e-02
5.71952543721234e-02
5.73423464267616e-02
5.80215696212690e-02
5.91903149949971e-02
5.92840331838701e-02
5.88261215112933e-02
5.78516964040587e-02
5.77354976787197e-02
5.73958730220681e-02
5.56607812064134e-02
5.34678206500567e-02
5.19552883201990e-02
5.06968537913288e-02
4.82120917613606e-02
4.54875666454787e-02
4.23244020028186e-02
4.00385556093729e-02
3.78567897761694e-02
3.44171935401777e-02
3.04219763037304e-02
2.75793052291168e-02
2.57046120032991e-02
2.29069624217443e-02
2.02853762140272e-02
1.79475873022426e-02
1.71125877421740e-02
1.66021309516579e-02
1.53078942706660e-02
1.43033649373246e-02
1.46373820491588e-02
1.54487644433163e-02
1.57807029491024e-02
1.62898983121504e-02
1.67075641053247e-02
1.77706504951505e-02
1.91211182278806e-02
2.02595410260387e-02
2.03311095672616e-02
2.01840898442898e-02
2.11887977677227e-02
2.20862163541291e-02
2.15997815192144e-02
2.08973469973071e-02
2.12272479024864e-02
2.16782876111696e-02
2.11592935974539e-02
2.03454040582120e-02
2.01144682774245e-02
1.98039674004799e-02
1.89261044386840e-02
1.87097657397635e-02
1.91454610173476e-02
1.91315791552740e-02
1.88606931190147e-02
1.92121969443988e-02
1.97361831687357e-02
2.01344108100583e-02
2.05582088030142e-02
2.07545741215108e-02
2.09997351770215e-02
2.18268383512063e-02
2.23962352580906e-02
2.22066383937092e-02
2.19902045185298e-02
2.18659201070253e-02
2.18864195484548e-02
2.15498336395947e-02
2.03637071131631e-02
1.97844464462375e-02
1.99043986969278e-02
1.90759720686429e-02
1.81572505580388e-02
1.78401210717716e-02
1.73493926460639e-02
1.70805403184486e-02
1.65729016097405e-02
1.56012172781131e-02
1.57772782568575e-02
1.62761306418018e-02
1.57044713287145e-02
1.51480609878332e-02
1.48418297797013e-02
1.45779589474723e-02
1.39688632180255e-02
1.31146084735224e-02
1.26606325209253e-02
1.25936211356240e-02
1.20016728055279e-02
1.13797116726911e-02
1.15176356687660e-02
1.17140627936565e-02
1.17194042067354e-02
1.20064799373453e-02
1.24581321276950e-02
1.27993965523466e-02
1.34599290546008e-02
1.45950953988263e-02
1.55003800373167e-02
1.59438020305728e-02
1.63964658120072e-02
1.77060683064348e-02
1.86716751699491e-02
1.86526566071629e-02
1.88651048315638e-02
2.00172602846069e-02
2.05814348987772e-02
1.97761648581201e-02
1.90973197590129e-02
1.91232778538180e-02
1.89559945821780e-02
1.72074577828790e-02
1.52350353040290e-02
1.44240151941363e-02
1.35074943300304e-02
1.13098285759310e-02
9.16409646522728e-03
7.98776710063385e-03
6.40872028870548e-03
4.36300309993124e-03
1.96912422723627e-03
1.75791341146845e-04
-1.83138171000071e-03
-4.47654283203012e-03
-6.71434209801513e-03
-9.10004432809835e-03
-1.25702140016776e-02
-1.59205993439552e-02
-1.89112776501615e-02
-2.27590194703331e-02
-2.71840867773607e-02
-3.11979054681011e-02
-3.54316372322833e-02
-3.95506242936160e-02
-4.38607218301791e-02
-4.73776965738099e-02
-5.08371892920613e-02
-5.44644148678433e-02
-5.74762879232082e-02
-5.96755154902927e-02
-6.15872252580294e-02
-6.35200879263106e-02
-6.44424242481575e-02
-6.55974899825024e-02
-6.66762440279847e-02
-6.72189699599307e-02
-6.74772616133508e-02
-6.82415476156331e-02
-6.91955037133520e-02
-7.00385813899390e-02
-7.10482213883611e-02
-7.15805980229482e-02
-7.25746803109189e-02
-7.38942193036017e-02
-7.52699541307677e-02
-7.67779712894381e-02
-7.81015808349567e-02
-7.90329755648817e-02
-7.99470931633836e-02
-8.13640262853940e-02
-8.23635030939124e-02
-8.34062721865720e-02
-8.44415152281419e-02
-8.60212216122693e-02
-8.75651172729317e-02
-8.86304079649504e-02
-8.98075993909566e-02
-9.15310136194067e-02
-9.29055390166380e-02
-9.39326399501417e-02
-9.49618923374683e-02
-9.60348218661685e-02
-9.68903267123601e-02
-9.72900747605099e-02
-9.75173429456899e-02
-9.73919158986706e-02
-9.65551671261927e-02
-9.59066318013841e-02
-9.54102628853630e-02
-9.37664709918771e-02
-9.17197714401907e-02
-9.02250906721570e-02
-8.90664197878290e-02
-8.72464528123980e-02
-8.46296202184340e-02
-8.21796152114632e-02
-8.02786908476067e-02
-7.82055015232654e-02
-7.56009919563970e-02
-7.33960118508629e-02
-7.14825629788076e-02
-6.93948522615459e-02
-6.70760694227719e-02
-6.46933610050253e-02
-6.27056463445929e-02
-6.08838739778379e-02
-5.90748025271943e-02
-5.66579849054111e-02
-5.43031141950135e-02
-5.21340199178741e-02
-4.98567324029080e-02
-4.69025951205669e-02
-4.35466840144265e-02
-4.05287205625170e-02
-3.69168053367803e-02
-3.30305312962121e-02
-2.91209719698197e-02
-2.54284850469288e-02
-2.16863038018080e-02
-1.80060198379746e-02
-1.44088914294196e-02
-1.11752428139734e-02
-7.90365476905208e-03
-4.72698295566328e-03
-2.95915019988114e-03
-1.25252104198153e-03
1.02707436366956e-03
2.78297385005322e-03
3.75070034967584e-03
4.32116328740816e-03
5.35295578151747e-03
6.93378565037948e-03
7.69070463235463e-03
8.00986160836779e-03
9.39040173132261e-03
1.09151224594280e-02
1.19415797399759e-02
1.33738775781004e-02
1.50733034160828e-02
1.72314603364947e-02
1.90476139062524e-02
2.04869750363677e-02
2.24605484370876e-02
2.42499202657878e-02
2.52675247681272e-02
2.66349983810781e-02
2.77604026358171e-02
2.78739201518919e-02
2.81353476896396e-02
2.84618688226072e-02
2.78492950324703e-02
2.71428697536641e-02
2.68054882330192e-02
2.62741372978620e-02
2.53568910330165e-02
2.45062111747435e-02
2.44100205993430e-02
2.48221046754261e-02
2.46851544695415e-02
2.46040266036853e-02
2.58433242750327e-02
2.73554506795704e-02
2.81955334399880e-02
2.98034428665810e-02
3.19703717905140e-02
3.34839798200999e-02
3.46799856221373e-02
3.64956248318948e-02
3.80671320884905e-02
3.91636515231677e-02
3.97755985165931e-02
3.99653716941490e-02
3.97160598242634e-02
3.87205441888122e-02
3.76416086197273e-02
3.65970888700286e-02
3.44277550982194e-02
3.11730332823057e-02
2.84511142103586e-02
2.61207937706376e-02
2.27658387306112e-02
1.91958639496816e-02
1.59621106552355e-02
1.30332822945778e-02
1.01168794351570e-02
7.39557928317064e-03
4.79363870245269e-03
2.87527555134332e-03
1.06286709986526e-03
-1.30892455369221e-03
-3.55727690407689e-03
-5.39263911229999e-03
-7.34753535095253e-03
-9.74137183224945e-03
-1.29386794455003e-02
-1.66387639530878e-02
-1.98917961425940e-02
-2.32651219982675e-02
-2.75114469701275e-02
-3.20987443120873e-02
-3.65462493887696e-02
-4.08430471976394e-02
-4.47815107736025e-02
-4.88035811825196e-02
-5.27078199069441e-02
-5.55544872791906e-02
-5.82347709241790e-02
-6.14389608691583e-02
-6.40303672256614e-02
-6.50940708461625e-02
-6.58777457855661e-02
-6.72111224033389e-02
-6.84729550590111e-02
-6.88838625992543e-02
-6.91933039200273e-02
-6.99859906650246e-02
-7.02871060704183e-02
-6.98675834013358e-02
-7.02337847666514e-02
-7.06574321126514e-02
-7.02367949493473e-02
-7.00922239257653e-02
-7.06162174264979e-02
-7.02986837274420e-02
-6.89219120244234e-02
-6.80957432332648e-02
-6.83428341931519e-02
-6.76603919974288e-02
-6.56498624073061e-02
-6.40276626695265e-02
-6.31096888841390e-02
-6.16899986153522e-02
-5.99869418324736e-02
-5.82150697418589e-02
-5.62638974989779e-02
-5.44252828079989e-02
-5.25778589313063e-02
-5.03271032436698e-02
-4.81124501415533e-02
-4.66150192300634e-02
-4.55384808326052e-02
-4.42154789837939e-02
-4.20335828081360e-02
-4.05999004776206e-02
-3.99027268475521e-02
-3.86802806541032e-02
-3.73282113221284e-02
-3.60158540754418e-02
-3.41619919621163e-02
-3.25634454392600e-02
-3.13129013634306e-02
-2.88351499159500e-02
-2.59635109858506e-02
-2.36564779836212e-02
-2.11956038079497e-02
-1.80949939735847e-02
-1.47031440887650e-02
-1.16977878059829e-02
-9.03783026651830e-03
-6.20435627849372e-03
-3.03072202582003e-03
-5.75770921158028e-04
1.77312534417830e-03
4.57555401912121e-03
6.69162059823402e-03
7.92967272406829e-03
9.54684294530407e-03
1.11202290533631e-02
1.22080660444682e-02
1.34623140710312e-02
1.44891266810014e-02
1.53463352052293e-02
1.68914950975887e-02
1.81874465157758e-02
1.92005659851093e-02
2.11026648471761e-02
2.34273400708264e-02
2.56666153633158e-02
2.79227391564299e-02
2.99708552645493e-02
3.29386503523046e-02
3.65901642141366e-02
3.91608939194826e-02
4.12831720897759e-02
4.41185733452106e-02
4.68075686030154e-02
4.87246693261191e-02
5.02669241062888e-02
5.21011542812149e-02
5.39549263312489e-02
5.46049491316908e-02
5.43616246453725e-02
5.46915864750441e-02
5.53260587806283e-02
5.51314322706368e-02
5.44971070113156e-02
5.40061088762266e-02
5.36713449003941e-02
5.35642503720840e-02
5.33392502249158e-02
5.30889579624043e-02
5.34172647712590e-02
5.41761015508935e-02
5.48733972035863e-02
5.54696157268389e-02
5.61534263628523e-02
5.75754708142896e-02
5.92745497167623e-02
5.99779786512243e-02
6.02970701977857e-02
6.11479416502554e-02
6.18762748791149e-02
6.19926925694440e-02
6.17613753143961e-02
6.12396455580280e-02
6.03647520972580e-02
5.96592547512676e-02
5.90376153278729e-02
5.80283241616127e-02
5.69304670270532e-02
5.64536309859551e-02
5.67077385111266e-02
5.68739315711950e-02
5.70893814457901e-02
5.85245624500868e-02
6.06839641330570e-02
6.19544194227118e-02
6.37190304559336e-02
6.63025776861019e-02
6.88823807035616e-02
7.07298284878802e-02
7.24462190523985e-02
7.42954182170775e-02
7.59417877365862e-02
7.69223322005588e-02
7.79976418622372e-02
7.92042495383526e-02
7.94274847097578e-02
7.99615403757361e-02
8.06187427369207e-02
8.10884783169912e-02
8.17095084519934e-02
8.27470197140330e-02
8.39511283586093e-02
8.49123693533945e-02
8.63519057067078e-02
8.74271600266061e-02
8.91113728876107e-02
9.07734364289487e-02
9.20895592728252e-02
9.33341260860914e-02
9.46723723383265e-02
9.56251809528450e-02
9.59825144508492e-02
9.65264509580177e-02
9.65613477312593e-02
9.69159672669337e-02
9.63322453986255e-02
9.56074741997739e-02
9.54080900669563e-02
9.48728380964973e-02
9.37597356468153e-02
9.31542009117693e-02
9.32005705842831e-02
9.19942921521225e-02
9.12745378260732e-02
9.09436285225393e-02
9.05075036308255e-02
8.99576652397115e-02
8.95152368973289e-02
8.90494367504035e-02
8.80849921419528e-02
8.74762920629806e-02
8.66130082386931e-02
8.62205596829220e-02
8.50284535371464e-02
8.43625388713853e-02
8.44208006517339e-02
8.38789354328900e-02
8.30656877654161e-02
8.27139238784891e-02
8.31734557307620e-02
8.30632078177884e-02
8.30339483779025e-02
8.25987233902562e-02
8.24817395704802e-02
8.22261246951836e-02
8.12180344460970e-02
7.97689364204927e-02
7.79449678760662e-02
7.63391809392652e-02
7.37151021145502e-02
7.01220091177088e-02
6.59799601287134e-02
6.23029984443252e-02
5.81350556369658e-02
5.34517441428495e-02
4.86478576924819e-02
4.31984145081495e-02
3.80600143861764e-02
3.29176913518613e-02
2.78181140209294e-02
2.30011401366499e-02
1.77395553507330e-02
1.30853167503723e-02
8.78448254576148e-03
4.27501782177942e-03
-3.45700545244541e-04
-3.96275147620944e-03
-7.18075104664887e-03
-1.06480582513530e-02
-1.39234230191445e-02
-1.67576954148401e-02
-1.96313443987705e-02
-2.24993592800101e-02
-2.55735519870257e-02
-2.85932229584624e-02
-3.15108632214017e-02
-3.49077414834815e-02
-3.85953536814245e-02
-4.21262826096592e-02
-4.60925380707645e-02
-5.04769067022502e-02
-5.43907377631011e-02
-5.84699282654688e-02
-6.26304512080834e-02
-6.71697885058019e-02
-7.15704044063186e-02
-7.49253382281731e-02
-7.76764279830888e-02
-8.04409113544858e-02
-8.28524775490704e-02
-8.35343308363604e-02
-8.40683763618473e-02
-8.43733482496210e-02
-8.36112871856345e-02
-8.19760611630608e-02
-8.03740643741033e-02
-7.87857606032766e-02
-7.69059102317334e-02
-7.56101088821726e-02
-7.39466188143802e-02
-7.28962480013780e-02
-7.22296342438436e-02
-7.22037764010929e-02
-7.26897275407675e-02
-7.33059336578595e-02
-7.41650811813639e-02
-7.51711265510079e-02
-7.66359471188580e-02
-7.76370981559582e-02
-7.89725378170782e-02
-7.97111969694233e-02
-8.01393350518036e-02
-8.06201426844221e-02
-8.12441712100139e-02
-8.10754109721942e-02
-8.02865729194162e-02
-7.99477563960861e-02
-7.86054830032589e-02
-7.71708204641500e-02
-7.54662894788211e-02
-7.34924441238372e-02
-7.15449226591102e-02
-6.93663026457259e-02
-6.68286933393270e-02
-6.40974968311117e-02
-6.16225857890233e-02
-5.90489219348236e-02
-5.69248691215481e-02
-5.44719899667045e-02
-5.23037744827507e-02
-5.05412838531795e-02
-4.89973356400167e-02
-4.75940690784028e-02
-4.61782022123374e-02
-4.51729805225044e-02
-4.43474807707675e-02
-4.32215440067926e-02
-4.18152218763539e-02
-4.03092812679048e-02
-3.85124769913287e-02
-3.63882554911850e-02
-3.36737619432171e-02
-3.05736197389544e-02
-2.74309928488185e-02
-2.41603116813951e-02
-2.01548318850747e-02
-1.61649285220233e-02
-1.26752619950037e-02
-9.55092549078709e-03
-6.60976865920632e-03
-4.06731744997810e-03
-2.07243372260570e-03
-3.80823286535331e-04
4.16542489181833e-04
5.03082320916728e-04
6.63363852628821e-04
5.66276263870007e-04
8.60748377544611e-05
-1.38220763180834e-03
-2.14453975562468e-03
-2.16007472586025e-03
-2.71175599278377e-03
-3.75813227561463e-03
-3.90736787313777e-03
-3.31249106664268e-03
-3.13714432691082e-03
-2.78978399441120e-03
-2.40972534601933e-03
-1.43837647109736e-03
-4.91671566563604e-04
2.64678792238119e-04
6.23344571052463e-04
1.12764935090999e-03
2.02598183435061e-03
2.76518467994502e-03
3.00807139641590e-03
2.27725152492730e-03
2.13277004776663e-03
2.11117131553808e-03
8.37730429572473e-04
-8.64499561078922e-04
-1.85174670798022e-03
-3.17453585779398e-03
-5.45635618683599e-03
-7.77236425953364e-03
-9.87224826721634e-03
-1.14515785498772e-02
-1.34122183889279e-02
-1.56282731492555e-02
-1.70183183944563e-02
-1.78158748414412e-02
-1.88645679469342e-02
-1.96935653101638e-02
-1.96836109435628e-02
-1.97466576916211e-02
-1.95853003213416e-02
-1.92726402546677e-02
-1.89334773083395e-02
-1.82358609147675e-02
-1.77649852857994e-02
-1.77335936624392e-02
-1.71967650092100e-02
-1.70876602203377e-02
-1.76031315033221e-02
-1.77871722708144e-02
-1.80274834873444e-02
-1.91108471490149e-02
-1.98154455806915e-02
-1.98798996757299e-02
-2.04888690300117e-02
-2.13760388724930e-02
-2.19941042726108e-02
-2.26021657236899e-02
-2.34698140950120e-02
-2.43330305105049e-02
-2.50954487930315e-02
-2.55026321889461e-02
-2.62680369927418e-02
-2.74120799001404e-02
-2.81831712915353e-02
-2.90010122579223e-02
-2.96226634583015e-02
-3.02329392942332e-02
-3.09662387584427e-02
-3.19073483334248e-02
-3.22043456564561e-02
-3.19022917111678e-02
-3.23970601794399e-02
-3.28009858928935e-02
-3.27544095418873e-02
-3.19905203040257e-02
-3.19263170543172e-02
-3.17797328090322e-02
-3.14082548060560e-02
-3.03438930287890e-02
-2.88908034367361e-02
-2.81556960603442e-02
-2.74642338460732e-02
-2.58611018037256e-02
-2.33661460805152e-02
-2.19747117787602e-02
-2.07688816168040e-02
-1.91919720135269e-02
-1.67579275437516e-02
-1.45319041387574e-02
-1.34631181070710e-02
-1.21293521044095e-02
-1.06639402409010e-02
-9.49013889235711e-03
-8.54073605528065e-03
-7.86709313066521e-03
-7.89947080700579e-03
-8.32937572740881e-03
-8.00331692143468e-03
-8.47130191899333e-03
-9.87419939628745e-03
-1.06192155612971e-02
-1.07234549292151e-02
-1.15362887837507e-02
-1.29043531409465e-02
-1.37726629064120e-02
-1.41374752364093e-02
-1.39048253066345e-02
-1.39064009379756e-02
-1.38896700514696e-02
-1.35969062985454e-02
-1.33121611681275e-02
-1.30751247541592e-02
-1.28796041392340e-02
-1.33467365802262e-02
-1.38688988647848e-02
-1.41851967234433e-02
-1.52118481315335e-02
-1.67990249648495e-02
-1.78812187309715e-02
-1.90566682417704e-02
-2.06469782615266e-02
-2.22473737340107e-02
-2.40102266843137e-02
-2.49106456964074e-02
-2.52061084398574e-02
-2.53146783002610e-02
-2.55204936948132e-02
-2.49153776393691e-02
-2.38541126704227e-02
-2.29992257883437e-02
-2.20402461002605e-02
-2.05976940194070e-02
-1.86059869049703e-02
-1.73100398904117e-02
-1.59724374996265e-02
-1.42599882158195e-02
-1.18856814099461e-02
-1.04694045497534e-02
-9.59071859195484e-03
-7.58831444452448e-03
-5.70928170692696e-03
-4.31340853031848e-03
-2.88353974733236e-03
-7.99316548243002e-04
1.08207348563640e-03
2.44162256336847e-03
3.30043062206894e-03
4.72777556750817e-03
6.45801229690744e-03
7.09535093903420e-03
7.41165590527542e-03
7.53683245528660e-03
7.71020799174276e-03
7.73846636914839e-03
7.46240351783858e-03
6.21283609702514e-03
4.86150928972411e-03
4.16375619148526e-03
2.88567888037276e-03
1.19158288665999e-03
2.50186438059485e-04
-3.78649317935450e-04
-1.41105486409124e-03
-2.55920398679707e-03
-3.64550431947931e-03
-4.22270591140672e-03
-4.57938207502130e-03
-4.97460917111439e-03
-5.51904707713588e-03
-6.55530674225480e-03
-7.69525336834379e-03
-7.57025542566709e-03
-7.73505825689699e-03
-9.14058341439412e-03
-9.97480400814938e-03
-9.72501559369855e-03
-9.80225650197682e-03
-1.05150636370171e-02
-1.03436670673511e-02
-9.09444424375527e-03
-7.86768813289363e-03
-7.06142797566346e-03
-5.53659767732702e-03
-2.71099518142760e-03
1.54216879240783e-05
2.93936282805261e-03
6.59535225701011e-03
1.06034308549856e-02
1.46985610476434e-02
1.89191658455362e-02
2.37108820819269e-02
2.84154291456934e-02
3.26976593599921e-02
3.69749643085053e-02
4.17467250346953e-02
4.61484333578590e-02
4.99221978637602e-02
5.36142838729942e-02
5.73675085251035e-02
6.09154710429109e-02
6.39246930207512e-02
6.68534269146399e-02
7.03096731175235e-02
7.35815303623031e-02
7.61132610387294e-02
7.87075270390479e-02
8.16058926832470e-02
8.45090101426329e-02
8.74918008629837e-02
9.02424345078078e-02
9.25119975092964e-02
9.48819150359947e-02
9.70732393143254e-02
9.94855234590423e-02
1.02271076970103e-01
1.04318430223221e-01
1.05989697290066e-01
1.07871849464883e-01
1.10146685426663e-01
1.11781392907252e-01
1.13604705723598e-01
1.15605672583717e-01
1.17620372133873e-01
1.18969874228252e-01
1.20119765549780e-01
1.21759718584539e-01
1.23390724986175e-01
1.24995074492445e-01
1.25875693903848e-01
1.26788552803735e-01
1.27247431906520e-01
1.27922722141928e-01
1.29096165099956e-01
1.29735969415273e-01
1.29333831563896e-01
1.28725952795100e-01
1.28716500356996e-01
1.27310028279105e-01
1.26010520320973e-01
1.24720493611995e-01
1.23653887634806e-01
1.21873044899817e-01
1.19085635228334e-01
1.16435007554350e-01
1.13985045229606e-01
1.11897876038170e-01
1.09055706047618e-01
1.06591298265838e-01
1.03845500517671e-01
1.01303901593512e-01
9.89930143799136e-02
9.66623703947856e-02
9.43750274428255e-02
9.16483418186078e-02
8.97215156438566e-02
8.69573391167091e-02
8.41658450825579e-02
8.10142047122009e-02
7.81970169917835e-02
7.49681745699548e-02
7.11835207317510e-02
6.69079710297658e-02
6.20891446074355e-02
5.78831095067967e-02
5.33548688350448e-02
4.91665499914135e-02
4.45172663759731e-02
3.98299718476862e-02
3.55823694773485e-02
3.21535645467553e-02
2.89805342558321e-02
2.54771314401365e-02
2.27493481309753e-02
2.05834506203585e-02
1.84277061927223e-02
1.60166895145850e-02
1.32513124255056e-02
1.08566518549820e-02
8.18699103796691e-03
5.07084954368632e-03
8.45786376479679e-04
-3.27394636798212e-03
-7.30911749318559e-03
-1.18377642124451e-02
-1.61826230837396e-02
-2.04428890736006e-02
-2.47025012944273e-02
-2.84605452036057e-02
-3.16055606589706e-02
-3.42874938562849e-02
-3.60412051386169e-02
-3.78166791294362e-02
-3.95856056607137e-02
-4.07565526977078e-02
-4.20027293942151e-02
-4.29120255741648e-02
-4.34874029321868e-02
-4.45210982370956e-02
-4.59592871232819e-02
-4.72272548117712e-02
-4.88640386425494e-02
-5.08628708523789e-02
-5.27371294113063e-02
-5.43182951676082e-02
-5.58501112357837e-02
-5.73795326227717e-02
-5.89324599490882e-02
-5.97327508412670e-02
-5.96889790432717e-02
-6.01051093709284e-02
-6.09787157881109e-02
-6.08399985705226e-02
-6.02191199466266e-02
-6.00213100982052e-02
-5.97653550181318e-02
-5.96690318198759e-02
-5.92979870708733e-02
-5.86709911515133e-02
-5.86987792302078e-02
-5.90277244580710e-02
-5.88413820689428e-02
-5.84909868124895e-02
-5.84049145689528e-02
-5.81566583782438e-02
-5.81168897523506e-02
-5.77759815695344e-02
-5.68741526642363e-02
-5.62812986394715e-02
-5.62361674590727e-02
-5.56892186245727e-02
-5.42153473641928e-02
-5.29788874573213e-02
-5.18575147275039e-02
-5.06652019034910e-02
-4.88403625762405e-02
-4.64911997015867e-02
-4.44162572740150e-02
-4.24198915320614e-02
-3.94423666410739e-02
-3.62332219662875e-02
-3.29000877008364e-02
-2.85872310945507e-02
-2.43768699160691e-02
-2.00465621210925e-02
-1.48053980544037e-02
-9.61548463369422e-03
-4.55965456792038e-03
1.16867608681094e-03
6.85159472755637e-03
1.21453929776482e-02
1.70949871758020e-02
2.21814477409499e-02
2.69641228907708e-02
3.08515794305033e-02
3.42102000265014e-02
3.80215760362784e-02
4.16373188760586e-02
4.35616974302361e-02
4.51442976091117e-02
4.74403441929928e-02
4.97726411416715e-02
5.15765809331032e-02
5.22752010808759e-02
5.25049617303839e-02
5.25331460493011e-02
5.34999180023959e-02
5.34554235433787e-02
5.17960795946809e-02
4.97947972449116e-02
4.86684950364684e-02
4.75434714558324e-02
4.49124028572774e-02
4.21411360972820e-02
3.97302674402242e-02
3.79677185158909e-02
3.53330506838642e-02
3.19253165246076e-02
2.91391694380145e-02
2.77243091953999e-02
2.65816958727454e-02
2.42620326119298e-02
2.14401280414919e-02
1.92543596164660e-02
1.80471598829277e-02
1.61577851116229e-02
1.33376081895390e-02
1.05166601807330e-02
8.02182373847138e-03
5.27716671905196e-03
2.48645908802605e-03
-2.64002585348472e-04
-3.21230994622490e-03
-5.79943312352917e-03
-7.71580316051132e-03
-1.04563975054017e-02
-1.31288397422789e-02
-1.40933372803225e-02
-1.49871277281550e-02
-1.63062975923515e-02
-1.78331319879253e-02
-1.89829217833729e-02
-1.96697066259959e-02
-1.96164481798830e-02
-2.01227254644624e-02
5.86283188070881e-03
7.02000972998942e-03
8.42335307933301e-03
1.09784399442096e-02
1.40854417970550e-02
1.76779370409432e-02
2.09662070039929e-02
2.50577542880532e-02
2.96755120766059e-02
3.42575916051010e-02
3.77475329333789e-02
4.09125442128515e-02
4.50539217817208e-02
4.90083441583092e-02
5.26284823883028e-02
5.57641456612397e-02
5.91343330718089e-02
6.27900026025120e-02
6.61932255386100e-02
6.91791163002247e-02
7.22071867225329e-02
7.56446645306422e-02
7.91065248808536e-02
8.19574355993658e-02
8.46104613765612e-02
8.78987720036755e-02
9.11503326705847e-02
9.43307582724541e-02
9.75257707079642e-02
1.00540943489370e-01
1.03850265247979e-01
1.07209659923663e-01
1.10014703539471e-01
1.12888259071764e-01
1.15252681235976e-01
1.16687573633898e-01
1.18291598974904e-01
1.19786932637737e-01
1.20290277513609e-01
1.19643544595752e-01
1.19111094998467e-01
1.18150518978948e-01
1.16873189175752e-01
1.14334076484987e-01
1.11833358771187e-01
1.09798102988501e-01
1.07136388458698e-01
1.03750345076538e-01
1.00810150015150e-01
9.80643635781911e-02
9.47527403766860e-02
9.13910063600688e-02
8.81308726384598e-02
8.43746712176704e-02
8.06703742199224e-02
7.66274268331445e-02
7.26963591053954e-02
6.80067187441573e-02
6.30294390959136e-02
5.85189417635707e-02
5.39334307277926e-02
4.87806542746018e-02
4.34896390983360e-02
3.87276152130192e-02
3.40834450997436e-02
2.95477589434241e-02
2.47995155447569e-02
2.04549121692894e-02
1.63188607340343e-02
1.23645061035637e-02
8.96838503056393e-03
5.38119661363636e-03
1.79571111943383e-03
-1.29448311310886e-03
-4.27321570524455e-03
-7.51382861667113e-03
-1.01484372107190e-02
-1.22896334054767e-02
-1.47022366479851e-02
-1.73689266875202e-02
-1.95332187209823e-02
-2.08730556999080e-02
-2.18501710827442e-02
-2.33998579705884e-02
-2.48261296642918e-02
-2.51232898558213e-02
-2.54540939690045e-02
-2.63351895819518e-02
-2.68443225608060e-02
-2.68261198111303e-02
-2.69379039131349e-02
-2.70442190878901e-02
-2.75348567943102e-02
-2.79037932464132e-02
-2.73830181298269e-02
-2.71676281830867e-02
-2.80928911829438e-02
-2.85339302698975e-02
-2.82615126660252e-02
-2.81462700567465e-02
-2.80427355120298e-02
-2.82796834626839e-02
-2.83469103595592e-02
-2.77711944803110e-02
-2.77678986549689e-02
-2.83198642411293e-02
-2.83016225895124e-02
-2.82462092516097e-02
-2.82938827237389e-02
-2.82583100810965e-02
-2.87113666087858e-02
-2.88135988586582e-02
-2.77718363659658e-02
-2.72201904209758e-02
-2.74090371630808e-02
-2.68588449443307e-02
-2.58617482435154e-02
-2.49598449330999e-02
-2.39622002855076e-02
-2.30573810301100e-02
-2.18950804059259e-02
-2.02584825874454e-02
-1.91454996090870e-02
-1.85462594943780e-02
-1.72837621507978e-02
-1.53638568594490e-02
-1.33327700351562e-02
-1.18500752942711e-02
-1.07043279046944e-02
-9.38793959038565e-03
-7.51665031424783e-03
-6.12627471092233e-03
-4.33966439773760e-03
-1.88064278047171e-03
-6.73320084204984e-04
7.90494951923843e-04
2.91106191015672e-03
4.89724191568862e-03
7.28843658871029e-03
9.31935071014627e-03
1.12173512913532e-02
1.31186792366613e-02
1.55080843113951e-02
1.81633294497066e-02
2.18947578722008e-02
2.54881012597926e-02
2.86180195910361e-02
3.24074234475256e-02
3.63107287825571e-02
4.07233551751786e-02
4.44551132822520e-02
4.85307004321296e-02
5.24935015631689e-02
5.64114132440647e-02
5.92793148238540e-02
6.16507046787390e-02
6.47824958880234e-02
6.74724396127695e-02
6.97895360959694e-02
7.12131514016517e-02
7.37282409673717e-02
7.59267409693504e-02
7.80063732283161e-02
7.96399256487666e-02
8.15106812485462e-02
8.41974935836939e-02
8.60764556177810e-02
8.75775308743294e-02
8.81454374742655e-02
8.99979832663541e-02
9.10311450752111e-02
9.04240277938324e-02
8.92329976193749e-02
8.85113922208470e-02
8.72926274404242e-02
8.43489069557830e-02
8.18546029370212e-02
7.88807186466744e-02
7.63840806305416e-02
7.32766141281890e-02
7.06704790943087e-02
6.81664047465657e-02
6.54466300969170e-02
6.35384072191922e-02
6.23662826133195e-02
6.13043897152730e-02
5.96663296432099e-02
5.99227931445633e-02
6.04996398709487e-02
6.03305789833391e-02
6.02771371808384e-02
6.13671531592192e-02
6.26581761737532e-02
6.32463058171528e-02
6.41280414364037e-02
6.45142442493744e-02
6.48360302300789e-02
6.51437651946056e-02
6.52420383689890e-02
6.44616554026672e-02
6.33344350911268e-02
6.21095223098781e-02
6.05347412319882e-02
5.87415547141168e-02
5.63745862135006e-02
5.41745698094440e-02
5.16087378406395e-02
4.83855536866368e-02
4.53282905538384e-02
4.27127593471898e-02
3.99780444784104e-02
3.72059928949742e-02
3.45732581782973e-02
3.18073081544605e-02
2.91750302686771e-02
2.67964147763762e-02
2.44613137642629e-02
2.26016983895940e-02
2.06744936671717e-02
1.83940304565085e-02
1.67836349903999e-02
1.51102382001416e-02
1.35578267251975e-02
1.21173091802111e-02
1.05099033097002e-02
8.92335038246027e-03
7.79369832158452e-03
6.01959150262042e-03
4.19476816426047e-03
3.56691986834338e-03
2.37931578753229e-03
8.59342289707888e-04
-6.25619585048186e-04
-2.30856289022609e-03
-2.99559747713167e-03
-3.69552233727327e-03
-4.28195567555360e-03
-4.98638226797556e-03
-5.84885587318183e-03
-6.81159980824867e-03
-6.61295820221763e-03
-6.44980433093897e-03
-7.17768746719392e-03
-7.32268022410742e-03
-6.84000264798032e-03
-5.88107221381688e-03
-5.41321994901614e-03
-4.73741259139875e-03
-3.51607719455350e-03
-1.91933023043867e-03
-7.40661562106802e-04
2.01181881180695e-05
1.33784471034803e-03
2.47145636077367e-03
3.37946397328668e-03
3.78222211386885e-03
3.87837926629681e-03
3.88365922117729e-03
4.19872570114292e-03
4.24594812004874e-03
3.64812223740800e-03
3.30296038658340e-03
3.46382810295957e-03
3.87095754843565e-03
3.88101629007113e-03
3.72148552099880e-03
3.68134024343659e-03
3.91340231152009e-03
3.72219568007484e-03
2.97845223958134e-03
2.17032199619715e-03
1.49887133157515e-03
4.22648419571709e-04
-1.31921990041718e-03
-3.69598650406100e-03
-5.48138004581435e-03
-7.05334546557635e-03
-9.68644858505515e-03
-1.25195369779438e-02
-1.46480050878207e-02
-1.65591312219209e-02
-1.89368178834373e-02
-2.10335744513762e-02
-2.26544461323825e-02
-2.45479583774210e-02
-2.73108515926475e-02
-3.00579473596311e-02
-3.22873628744015e-02
-3.53266084296402e-02
-3.88930119162449e-02
-4.19905914788386e-02
-4.48843377417504e-02
-4.88649193831813e-02
-5.29191666004871e-02
-5.61537859265122e-02
-5.93702271662049e-02
-6.28752708704466e-02
-6.58270173676544e-02
-6.81992148781776e-02
-7.03473519988331e-02
-7.21704856870704e-02
-7.34004757364627e-02
-7.46134474340829e-02
-7.58739415390276e-02
-7.63663731988704e-02
-7.62760135353823e-02
-7.68068403943108e-02
-7.79311829714474e-02
-7.81060284044666e-02
-7.80311809010511e-02
-7.88400710302793e-02
-8.06144452817805e-02
-8.19215338208492e-02
-8.24443723098179e-02
-8.35199818294389e-02
-8.53579333799431e-02
-8.75679552478339e-02
-8.89953012973863e-02
-8.98270858326102e-02
-9.13057283540823e-02
-9.32808111780248e-02
-9.54905658416726e-02
-9.69575370268733e-02
-9.85433267373407e-02
-1.00099118401407e-01
-1.02473317193616e-01
-1.04846612729358e-01
-1.06598474505132e-01
-1.08135091295539e-01
-1.09251237175422e-01
-1.10960873041394e-01
-1.11690596575616e-01
-1.11881727735253e-01
-1.11336851636619e-01
-1.10981365826636e-01
-1.10102664551542e-01
-1.08420703445576e-01
-1.06364941058522e-01
-1.03935576493818e-01
-1.02441327835172e-01
-1.00407290487171e-01
-9.81354015064574e-02
-9.54729282632449e-02
-9.42560294464865e-02
-9.35532859944545e-02
-9.16306033993290e-02
-8.96808125433234e-02
-8.83785395667940e-02
-8.79115665442935e-02
-8.60860674159920e-02
-8.41630061027023e-02
-8.20659502187681e-02
-8.08130231166605e-02
-7.84984372439392e-02
-7.50667794730038e-02
-7.23520912925505e-02
-6.91980640971958e-02
-6.60467930522082e-02
-6.22734746488421e-02
-5.84818055675092e-02
-5.42809660543843e-02
-5.08115245670064e-02
-4.68175084999990e-02
-4.21999195297753e-02
-3.83804429973878e-02
-3.45315534158427e-02
-3.09300202507044e-02
-2.72971308439535e-02
-2.45647970576371e-02
-2.16084274649859e-02
-1.91241172210278e-02
-1.70434045277798e-02
-1.53037203148790e-02
-1.39163623951452e-02
-1.20450995472445e-02
-1.09728836321954e-02
-1.06255778251293e-02
-9.92464580203224e-03
-8.49156561448183e-03
-8.06831096773362e-03
-7.69952767553255e-03
-6.75719113740347e-03
-5.75381663773915e-03
-4.49613747681961e-03
-3.18583575616089e-03
-1.32646452766291e-03
1.05008474657857e-03
3.31061150423932e-03
5.87644171371920e-03
9.63244211845072e-03
1.32207902307027e-02
1.62917886664375e-02
2.01481265530279e-02
2.45209880598761e-02
2.83702014877084e-02
3.18846175870823e-02
3.55669436755082e-02
3.90187224854953e-02
4.19076540474520e-02
4.44231080010559e-02
4.66825995575210e-02
4.79518275430342e-02
4.89084022996214e-02
4.97594598222813e-02
5.01644235605046e-02
4.95456787703165e-02
4.95217756807236e-02
5.00470973214991e-02
4.95963363556307e-02
4.89673760950893e-02
4.96253654865328e-02
5.01202047897628e-02
4.99115745609235e-02
5.03446954174441e-02
5.10022459370455e-02
5.08939471974809e-02
5.11336830648242e-02
5.12411219911360e-02
5.09277639889274e-02
4.92595472355167e-02
4.74518251574562e-02
4.62071766555120e-02
4.44898235855049e-02
4.18070115480837e-02
3.89463225341853e-02
3.62446355578167e-02
3.30465839281871e-02
3.06512345030400e-02
2.82316668244046e-02
2.53502767616305e-02
2.30519670960369e-02
2.13196941519138e-02
1.92842645048476e-02
1.73933381862551e-02
1.58963221551967e-02
1.46147371813355e-02
1.32309321175591e-02
1.05791453491183e-02
7.93585735004440e-03
6.00385487032482e-03
3.41535198689063e-03
-2.94149218130230e-04
-4.34607465405991e-03
-8.31312442267560e-03
-1.29256188175071e-02
-1.88317616622620e-02
-2.46136726750388e-02
-2.95923792139656e-02
-3.52215961346698e-02
-4.17975063452620e-02
-4.76732255831550e-02
-5.23336124115769e-02
-5.68238264169254e-02
-6.07490142508651e-02
-6.40865458996417e-02
-6.61322520351760e-02
-6.68806720742081e-02
-6.69456562058185e-02
-6.66027535013013e-02
-6.57032155961914e-02
-6.37605062733609e-02
-6.16113821413121e-02
-5.95583283984984e-02
-5.83116434086374e-02
-5.62515828453870e-02
-5.37353478805917e-02
-5.21072721784652e-02
-5.14282549381464e-02
-5.07054032143156e-02
-4.96630286319271e-02
-4.88503152637152e-02
-4.76436322432625e-02
-4.67127643152611e-02
-4.56947367098724e-02
-4.39975784235095e-02
-4.18222360649814e-02
-3.97443650712826e-02
-3.75525835583577e-02
-3.48556497947948e-02
-3.22231682405699e-02
-2.92859541299318e-02
-2.66324346222814e-02
-2.37377019809427e-02
-2.03717707657806e-02
-1.69781449234510e-02
-1.38793706433929e-02
-1.09158455275151e-02
-8.13191887233490e-03
-4.86432654059346e-03
-7.87784465528599e-04
2.58523257192129e-03
5.00673790035546e-03
7.41097657313358e-03
9.75960234918651e-03
1.25730511268919e-02
1.54222580183828e-02
1.71674248239790e-02
1.88550318876629e-02
2.09885658214507e-02
2.32058072839332e-02
2.53180763522947e-02
2.67035700592399e-02
2.82660027113032e-02
3.00885217890292e-02
3.13685447662544e-02
3.24541389073271e-02
3.41586176058642e-02
3.53502368026689e-02
3.60402974423715e-02
3.71689603592728e-02
3.79003621313018e-02
3.77943338692580e-02
3.76372832846128e-02
3.81454760996192e-02
3.86339934465838e-02
3.88533926151769e-02
3.84690313129820e-02
3.83763246264391e-02
3.89677520076662e-02
3.90948818518457e-02
3.92251579001731e-02
3.97429077269773e-02
3.99168215012447e-02
3.96216491727989e-02
3.94858659568743e-02
3.85541445157873e-02
3.72961982488211e-02
3.66441857884576e-02
3.52612053428841e-02
3.32760627618952e-02
3.13929473455974e-02
3.05188795743024e-02
2.98587728372113e-02
2.89218177688398e-02
2.79495426104754e-02
2.78737038236830e-02
2.85003332250901e-02
2.89913529566376e-02
2.97427246629350e-02
3.05511108437008e-02
3.18515887108977e-02
3.31984580509655e-02
3.41332004207555e-02
3.46316337472006e-02
3.50231671797649e-02
3.58294782362024e-02
3.61062373150857e-02
3.57018579812962e-02
3.54404109890273e-02
3.61293367755564e-02
3.60625005719768e-02
3.55551233491479e-02
3.54552443224958e-02
3.57012087169893e-02
3.60584188258460e-02
3.67068600502899e-02
3.75496360096349e-02
3.78956171548238e-02
3.86406789942936e-02
4.00797985128840e-02
4.13988757927573e-02
4.22934465875219e-02
4.34644712758988e-02
4.50953478165097e-02
4.63318389226908e-02
4.73511960010581e-02
4.79117106743204e-02
4.88532018455353e-02
4.92924401402721e-02
4.88925757290107e-02
4.81044334353859e-02
4.72685307611066e-02
4.62922655178718e-02
4.51611584385190e-02
4.43172577205298e-02
4.31293689195579e-02
4.24757422128200e-02
4.20266887500113e-02
4.16779632547540e-02
4.19047132527629e-02
4.29978042950720e-02
4.42890674017484e-02
4.53073828047359e-02
4.69720340800157e-02
4.84231682636586e-02
4.99548751616581e-02
5.10705179326404e-02
5.23980274208214e-02
5.36537929098566e-02
5.36985983539847e-02
5.29829343196417e-02
5.32471466917129e-02
5.33956260347978e-02
5.22805911138358e-02
5.14575185113051e-02
5.08213876649583e-02
4.92751438813842e-02
4.82071190241507e-02
4.77524465594201e-02
4.76406938477870e-02
4.64087222845243e-02
4.50204680986202e-02
4.47527829152546e-02
4.47722970735065e-02
4.40251210202395e-02
4.35454023685743e-02
4.38866100443099e-02
4.34832552452076e-02
4.29175647230641e-02
4.27191268513000e-02
4.26677660905817e-02
4.26118612366343e-02
4.24370047614519e-02
4.16288553028613e-02
4.05829094230602e-02
3.94969049287529e-02
3.83089447944142e-02
3.73199255961492e-02
3.59468074132293e-02
3.38444133708800e-02
3.22444893602959e-02
3.11957513208588e-02
2.97903967051285e-02
2.84123771879884e-02
2.75299870196771e-02
2.67845111857496e-02
2.58022988041471e-02
2.44373935362812e-02
2.32407724157612e-02
2.26514502334330e-02
2.14435906956264e-02
1.88531383605034e-02
1.61019445228497e-02
1.33087196449097e-02
1.01615118636011e-02
5.92139456156664e-03
1.60379113158980e-03
-2.36633067269972e-03
-6.66619165403601e-03
-1.17370849023104e-02
-1.65177217957222e-02
-2.08148575596800e-02
-2.56213969468800e-02
-2.96637549665577e-02
-3.35249185390536e-02
-3.78504679358172e-02
-4.24135162863967e-02
-4.62375996454654e-02
-4.95898417407326e-02
-5.35860420801616e-02
-5.78106914068656e-02
-6.17274416176325e-02
-6.48365911187732e-02
-6.88463521502322e-02
-7.23180639946071e-02
-7.52046035671736e-02
-7.80945840197501e-02
-8.10826213581238e-02
-8.37365447608920e-02
-8.64074597582227e-02
-8.96673991054712e-02
-9.18083986731069e-02
-9.40372074490846e-02
-9.67464596450959e-02
-9.99508447991450e-02
-1.02697430823979e-01
-1.05021937944286e-01
-1.07724569035593e-01
-1.10633010178370e-01
-1.13617078999386e-01
-1.15505422827137e-01
-1.18097320425097e-01
-1.20821793020146e-01
-1.22960230054467e-01
-1.24850433598415e-01
-1.26792323360314e-01
-1.28230456404807e-01
-1.29644825040813e-01
-1.31507618463535e-01
-1.31881635114919e-01
-1.31570344098055e-01
-1.31210894428346e-01
-1.31537546956300e-01
-1.31173958720823e-01
-1.29209521769177e-01
-1.27213547652112e-01
-1.26045295326814e-01
-1.25013434440991e-01
-1.22900865242141e-01
-1.20444535416942e-01
-1.18279426558094e-01
-1.16495891638502e-01
-1.15024037715887e-01
-1.13016483346685e-01
-1.10796984456361e-01
-1.09413202773310e-01
-1.08784861163288e-01
-1.07648232306663e-01
-1.05613075284752e-01
-1.04178547924692e-01
-1.03608516410549e-01
-1.02354649410448e-01
-9.98092368074857e-02
-9.69992304290474e-02
-9.46400621358105e-02
-9.19116429149456e-02
-8.80571967058367e-02
-8.35942489175999e-02
-7.93322769103408e-02
-7.49630849745072e-02
-6.99753234671935e-02
-6.52658197380217e-02
-6.09104358923933e-02
-5.64314580533103e-02
-5.19810566528075e-02
-4.79517989171379e-02
-4.39261449480989e-02
-3.99782455567906e-02
-3.64872170396780e-02
-3.34045496187071e-02
-3.04821967349291e-02
-2.69206451347527e-02
-2.34656878442744e-02
-2.06603988100722e-02
-1.78437094556869e-02
-1.45927042021325e-02
-1.12874680866252e-02
-8.35598427052427e-03
-5.68331510707793e-03
-2.83486546808202e-03
5.08141117114991e-04
3.27596452305499e-03
5.10331465522866e-03
6.90273185568903e-03
9.14109782650043e-03
1.11292314865764e-02
1.26979585048128e-02
1.39772547622693e-02
1.51372850417153e-02
1.62949341156837e-02
1.76245870317584e-02
1.84955246710774e-02
1.91217428107210e-02
2.02256495696210e-02
2.15316254569558e-02
2.25205037472308e-02
2.30457167929455e-02
2.38642516697402e-02
2.51094473695899e-02
2.59392036989857e-02
2.60672875217630e-02
2.64716642053670e-02
2.68708624107226e-02
2.65803447347446e-02
2.63555334375306e-02
2.63171244896410e-02
2.61402638638891e-02
2.56870386208587e-02
2.54855464650987e-02
2.52707076930333e-02
2.47456900289741e-02
2.47378805114613e-02
2.56328130279415e-02
2.66594372137908e-02
2.73647073449565e-02
2.79662922522724e-02
2.86414583796063e-02
2.95985399662325e-02
3.04196829230109e-02
3.09177899697682e-02
3.07494573946026e-02
3.00850476279741e-02
2.99051765721187e-02
2.91860664531117e-02
2.72599705473271e-02
2.51056406939993e-02
2.32040972610568e-02
2.10632840635160e-02
1.85837647357060e-02
1.63440141725506e-02
1.44027614933012e-02
1.24043927377513e-02
1.02803924972855e-02
8.64737144812354e-03
7.36232531323951e-03
5.74668900578453e-03
4.10845321274378e-03
3.05703564434052e-03
2.15534114029807e-03
1.38899444296597e-03
4.40451105599585e-04
-6.45195123342632e-04
-1.22860332808174e-03
-1.78189830090228e-03
-2.84218330132903e-03
-3.36447905763558e-03
-3.53584980645172e-03
-4.32686222540470e-03
-5.25159988699026e-03
-5.97646019007032e-03
-6.64825985699397e-03
-7.45038176331846e-03
-8.74590758765197e-03
-1.05171568258888e-02
-1.24202027462351e-02
-1.37954737915641e-02
-1.53086438492866e-02
-1.70595534314790e-02
-1.91949752899516e-02
-2.08436197617025e-02
-2.16986209769575e-02
-2.26709654292129e-02
-2.35218732922425e-02
-2.34168389640050e-02
-2.26510161814747e-02
-2.24691184328925e-02
-2.15934938031073e-02
-2.06922149061538e-02
-1.97978509369639e-02
-1.84635240877526e-02
-1.70168823233569e-02
-1.65002174285148e-02
-1.69371299588366e-02
-1.59928320091999e-02
-1.47242784715360e-02
-1.40059893688674e-02
-1.45859429014690e-02
-1.43898244847041e-02
-1.29938006473713e-02
-1.21933202991070e-02
-1.20137801175577e-02
-1.14989970190071e-02
-9.94230911834513e-03
-8.68492784352909e-03
-7.08996296414023e-03
-6.32539884628761e-03
-5.29292253450866e-03
-3.47628432721415e-03
-1.35753406782735e-03
4.51145176225009e-04
1.51103521092372e-03
3.45169782854706e-03
5.64833514831985e-03
7.97321225023920e-03
9.43137221185702e-03
1.15928451246089e-02
1.40211973793575e-02
1.61649693151440e-02
1.81124729007466e-02
1.92705632477424e-02
2.05901803062708e-02
2.17962022245402e-02
2.28951839822283e-02
2.25776765615251e-02
2.21590829740809e-02
2.14994044875081e-02
2.03678140910187e-02
1.91521216459240e-02
1.75132850599153e-02
1.59027690904537e-02
1.43104281924821e-02
1.28610332352444e-02
1.12707749924874e-02
9.96722966061835e-03
8.58077963384023e-03
8.67331552927932e-03
1.00649583618937e-02
9.97542595046498e-03
1.05929728910959e-02
1.25403431520667e-02
1.43955329003767e-02
1.62603869163871e-02
1.79563057606771e-02
1.94650034798111e-02
2.05404367447690e-02
2.11382241910005e-02
2.15287107821681e-02
2.19923643935245e-02
2.12525424970322e-02
1.97079282131607e-02
1.89524425581587e-02
1.80189253261859e-02
1.63443123264424e-02
1.46827087264821e-02
1.35353887260688e-02
1.28688324382398e-02
1.30344271305242e-02
1.29100321126446e-02
1.23298272692124e-02
1.29037393877846e-02
1.40516336061176e-02
1.48192776627151e-02
1.55152689720298e-02
1.62254114016675e-02
1.70237743933346e-02
1.76264073546836e-02
1.69382137853371e-02
1.57622335572363e-02
1.53952000133588e-02
1.48301065092807e-02
1.28008907658188e-02
1.02348123798448e-02
8.32540769672366e-03
7.08522485625538e-03
5.54223992318330e-03
3.59136407504298e-03
2.16961592860659e-03
1.64600147214607e-03
1.07987065124635e-03
3.28596361863491e-04
7.25456732371341e-04
1.68978178814855e-03
2.28540429766397e-03
2.89737890089080e-03
3.73030787485345e-03
4.31411477929345e-03
5.02334381731922e-03
6.36855618103315e-03
7.46788527317293e-03
8.07966165881927e-03
8.54416051632583e-03
1.01576676696491e-02
1.21182413972193e-02
1.33359509049783e-02
1.47741199503309e-02
1.75056385679013e-02
2.03000199779664e-02
2.27215524305666e-02
2.56753008351131e-02
2.94103047148167e-02
3.34948498134814e-02
3.71705349944706e-02
4.09754587177958e-02
4.57118129057877e-02
5.04154271652760e-02
5.47765816478707e-02
5.93794747342453e-02
6.38801762916780e-02
6.84826313423495e-02
7.28653121841141e-02
7.66958014890727e-02
8.04439262833581e-02
8.41748049345020e-02
8.72251578778352e-02
8.97765232858195e-02
9.19098088323356e-02
9.32686184038762e-02
9.46449040680054e-02
9.56995806927786e-02
9.61459386295524e-02
9.66946052700776e-02
9.71431172951134e-02
9.74547922339789e-02
9.82333673785801e-02
9.92421479074709e-02
1.00033946731142e-01
1.00754005462845e-01
1.01399678621409e-01
1.02937259470846e-01
1.04417926250635e-01
1.05127661823413e-01
1.05717185204358e-01
1.06182291108245e-01
1.06472501381804e-01
1.06937675214665e-01
1.06901079861774e-01
1.05954465276377e-01
1.05165738978199e-01
1.04526853660332e-01
1.03293083387856e-01
1.01098197434821e-01
9.93716083999180e-02
9.82792941204074e-02
9.66384236180078e-02
9.38441216526812e-02
9.13122779925886e-02
9.01659987654283e-02
8.86315275520323e-02
8.68061751194181e-02
8.46870604268088e-02
8.34539445627887e-02
8.26670664483448e-02
8.13950341199408e-02
7.91467120368736e-02
7.66938087654416e-02
7.54559724434964e-02
7.37292760112778e-02
7.09779184820960e-02
6.72901812787628e-02
6.49417758293776e-02
6.28156310353804e-02
5.96150557276176e-02
5.55248047743149e-02
5.17549949522263e-02
4.92533174510085e-02
4.65412623354321e-02
4.37355010620865e-02
4.07943717547779e-02
3.99555968880654e-02
4.03649541768600e-02
-3.06524304507108e-02
-3.02909015222762e-02
-2.95137442188900e-02
-2.84343177353803e-02
-2.69679953914269e-02
-2.52142587957206e-02
-2.37029051570694e-02
-2.21508122844626e-02
-2.03385759104986e-02
-1.87691038195744e-02
-1.78155711322155e-02
-1.72320164248248e-02
-1.62589900773757e-02
-1.54496813009984e-02
-1.51385876860560e-02
-1.51576745258279e-02
-1.49371745979063e-02
-1.49611856859144e-02
-1.52855245528911e-02
-1.57437505447590e-02
-1.63998267374857e-02
-1.71194099782041e-02
-1.80967935596857e-02
-1.91565905635393e-02
-2.06728167607308e-02
-2.20902612882072e-02
-2.32770125501574e-02
-2.47630372404542e-02
-2.66863010776142e-02
-2.82730085953426e-02
-2.92261616701889e-02
-3.03853833180605e-02
-3.12430031658359e-02
-3.19457541700411e-02
-3.19307077244187e-02
-3.14196673651466e-02
-3.11461952439078e-02
-3.07030356396297e-02
-2.95790257105183e-02
-2.81928511506920e-02
-2.69514695748751e-02
-2.53463017783793e-02
-2.40902789078805e-02
-2.28001129000984e-02
-2.12872490233939e-02
-1.97073862074711e-02
-1.87264258277445e-02
-1.83833374327745e-02
-1.75995519789733e-02
-1.65680266856746e-02
-1.64283750916636e-02
-1.68584632632832e-02
-1.64704297140087e-02
-1.56871268981039e-02
-1.58417893634818e-02
-1.62331713814555e-02
-1.62931889300601e-02
-1.60833738055566e-02
-1.56567644253657e-02
-1.49187669495712e-02
-1.41952582787529e-02
-1.33669920166394e-02
-1.21304725781813e-02
-1.03887739080121e-02
-8.76244642884008e-03
-7.48512118827980e-03
-5.72247371942072e-03
-3.34899563825440e-03
-1.69493896837924e-03
-4.02200870764614e-04
1.35682887935085e-03
2.86324095865348e-03
3.97816412440581e-03
4.44231263376500e-03
4.84340378040623e-03
5.29348550251721e-03
5.51138852702482e-03
5.19593464444628e-03
4.60791126121149e-03
3.95364591960992e-03
3.54592049775377e-03
3.27518366509657e-03
1.97843818300770e-03
9.11149033172969e-04
1.18662072854792e-04
-7.13094221995187e-04
-1.59127766833894e-03
-2.83084876539752e-03
-4.09279613882753e-03
-5.09117995269319e-03
-6.27982109227466e-03
-8.20363073183269e-03
-1.02442111435474e-02
-1.19217092831603e-02
-1.29880275783646e-02
-1.47482762952479e-02
-1.73810909147259e-02
-1.90043189467672e-02
-1.96301660938206e-02
-2.05941334625285e-02
-2.23169416953330e-02
-2.33533287646461e-02
-2.35199532383569e-02
-2.37973310138877e-02
-2.45842529597426e-02
-2.49204409676956e-02
-2.45688416691418e-02
-2.45345531414691e-02
-2.47847156334853e-02
-2.45710050070460e-02
-2.41765864715482e-02
-2.41518706756601e-02
-2.40602688493781e-02
-2.34877436714893e-02
-2.31971955983958e-02
-2.36132530892008e-02
-2.37698912925689e-02
-2.32907337643178e-02
-2.31253936231756e-02
-2.39240639774062e-02
-2.44433092641082e-02
-2.40625126934035e-02
-2.38196341356103e-02
-2.43276962652596e-02
-2.45179990743763e-02
-2.37287532719993e-02
-2.32942447790819e-02
-2.34296874837626e-02
-2.34590222626101e-02
-2.24566369994531e-02
-2.16807569103370e-02
-2.15440850932310e-02
-2.13776670556643e-02
-2.13263664680844e-02
-2.14621920380301e-02
-2.17499615346775e-02
-2.22096836758174e-02
-2.33097980365074e-02
-2.49393694217603e-02
-2.60214267618002e-02
-2.71606822776640e-02
-2.83681495242181e-02
-2.96339240247414e-02
-3.01421843312023e-02
-3.09959940384230e-02
-3.18677360525923e-02
-3.19419954968852e-02
-3.16675310150041e-02
-3.11141507150042e-02
-3.05680990314490e-02
-2.93804688836788e-02
-2.84988222451328e-02
-2.74800878478270e-02
-2.62187732970318e-02
-2.46839944160225e-02
-2.37068110101712e-02
-2.33076072772600e-02
-2.24969865386341e-02
-2.18207937519649e-02
-2.10475626978072e-02
-2.09284450433673e-02
-2.07616300929410e-02
-2.06753717355751e-02
-2.07680583595531e-02
-2.09242202725664e-02
-2.09690104482433e-02
-2.04835708134290e-02
-2.05147967351792e-02
-2.05227768513417e-02
-2.09520414720076e-02
-2.09646658894483e-02
-2.14003496635857e-02
-2.19264743954808e-02
-2.23329389669816e-02
-2.31930692961911e-02
-2.40450675383127e-02
-2.46965996188503e-02
-2.51884287811789e-02
-2.63373481955005e-02
-2.72189065522587e-02
-2.77632178668480e-02
-2.78772571597352e-02
-2.82635675627872e-02
-2.87163382204056e-02
-2.79826424506821e-02
-2.76361742550433e-02
-2.74946307351690e-02
-2.69667216708492e-02
-2.57796341123501e-02
-2.50745966760304e-02
-2.46926913678901e-02
-2.41236308248880e-02
-2.31603004748733e-02
-2.21334440011983e-02
-2.18271296223378e-02
-2.13767466298512e-02
-2.11267078841209e-02
-2.11831831071161e-02
-2.13892890794363e-02
-2.15578658407844e-02
-2.19777065021439e-02
-2.26235758840771e-02
-2.32758414877253e-02
-2.42946486250402e-02
-2.52507750792542e-02
-2.62209524798636e-02
-2.69991738201050e-02
-2.76745926370725e-02
-2.82664923712953e-02
-2.85789074669304e-02
-2.85320916327020e-02
-2.82766305701953e-02
-2.75341665772780e-02
-2.63373456156779e-02
-2.55949518760476e-02
-2.47255978493461e-02
-2.33461017221809e-02
-2.20179910159248e-02
-2.12146608525916e-02
-2.06921053439982e-02
-1.95169592636016e-02
-1.84264027359003e-02
-1.85415473204360e-02
-1.90424173515076e-02
-1.87543856170344e-02
-1.87299270503035e-02
-1.93914772533575e-02
-2.02498526863063e-02
-2.05946870625047e-02
-2.05939655298894e-02
-2.09783848750981e-02
-2.13555701195119e-02
-2.09405810291054e-02
-2.03975011835852e-02
-1.99749985710288e-02
-1.90582270447048e-02
-1.77230088921597e-02
-1.60943337237790e-02
-1.45901880180478e-02
-1.28932012455111e-02
-1.07919092452818e-02
-9.32491500197216e-03
-8.34137947198453e-03
-6.73512950924417e-03
-5.29869997999318e-03
-4.84159624472877e-03
-4.25830720119798e-03
-3.57804404807053e-03
-3.25570210465493e-03
-3.07475254004950e-03
-2.85807756878599e-03
-2.45812187801862e-03
-2.25803327717870e-03
-1.83815697104368e-03
-6.53123953964836e-04
1.16414986574404e-03
2.30046710106523e-03
3.85007872144872e-03
6.54556795135357e-03
9.25180203699434e-03
1.16272410114096e-02
1.44873984221210e-02
1.79868948534184e-02
2.07563066689607e-02
2.34751000074557e-02
2.65843275279538e-02
2.97472815330864e-02
3.22757548910559e-02
3.43316955046180e-02
3.64850844595525e-02
3.78878794875290e-02
3.86921751136590e-02
3.94643050989597e-02
4.06635479910801e-02
4.04732666054333e-02
3.94692593253140e-02
3.88106132082311e-02
3.85273246724656e-02
3.77602419524641e-02
3.64654437953261e-02
3.56102909529046e-02
3.50308255562910e-02
3.48526554181763e-02
3.47465295701700e-02
3.50597619690784e-02
3.57274625928600e-02
3.64736678078031e-02
3.72042138348118e-02
3.78596291070814e-02
3.88640610550357e-02
3.97111289894549e-02
4.03823901805726e-02
4.02464974997180e-02
3.99054940517450e-02
3.95615700149101e-02
3.89396139629884e-02
3.79937129015008e-02
3.65501974059882e-02
3.49731755588281e-02
3.33558025227749e-02
3.20421691102910e-02
3.06481409184670e-02
2.94050233406425e-02
2.84599707909762e-02
2.73976912489774e-02
2.62273617881521e-02
2.53410658767643e-02
2.53023794829774e-02
2.52111123994233e-02
2.42859841314538e-02
2.34973863216886e-02
2.35615101993560e-02
2.28585309202926e-02
2.13784896986994e-02
2.08918361731926e-02
2.09831936581923e-02
2.01248426234287e-02
1.87029245460614e-02
1.79085882936455e-02
1.73387575108177e-02
1.60113517617919e-02
1.48159256353961e-02
1.42000762710011e-02
1.29533128276782e-02
1.10905646494985e-02
1.00840427131082e-02
9.50066194008270e-03
8.16769759851359e-03
6.81757018199685e-03
6.22756609391575e-03
5.41722302829860e-03
4.00394063767915e-03
2.84402005892180e-03
2.31325062269210e-03
1.92744206023864e-03
1.08969649809218e-03
-1.82129887267465e-04
-1.49221415943224e-03
-2.54437736333308e-03
-3.67859855716017e-03
-4.79948306343456e-03
-6.55702191378493e-03
-8.07982028044886e-03
-8.98608490909916e-03
-1.05216007866458e-02
-1.24854599945778e-02
-1.33953482924923e-02
-1.39097434358424e-02
-1.49318209805287e-02
-1.56339045438334e-02
-1.58989186042092e-02
-1.58226345557807e-02
-1.56147269087069e-02
-1.52651734730792e-02
-1.48563091044734e-02
-1.46694567765615e-02
-1.42669046206204e-02
-1.37262976622016e-02
-1.35706542604970e-02
-1.40923104361148e-02
-1.41242112496548e-02
-1.39685877301783e-02
-1.46331147559098e-02
-1.61024372395470e-02
-1.73920913734762e-02
-1.84059750903604e-02
-1.97790045284152e-02
-2.13166583239961e-02
-2.29616669658815e-02
-2.44259603282383e-02
-2.55590815760987e-02
-2.65696252883453e-02
-2.75937015453559e-02
-2.82171708189111e-02
-2.81814647965053e-02
-2.78311912564797e-02
-2.75687472697935e-02
-2.74885189802938e-02
-2.64051548533654e-02
-2.49427913439225e-02
-2.39631110675463e-02
-2.32107047894962e-02
-2.24205210948075e-02
-2.15671596772221e-02
-2.10956630113355e-02
-2.10399051817701e-02
-2.08139016347925e-02
-2.05465223970682e-02
-2.15708095316564e-02
-2.28253061398794e-02
-2.33725123729035e-02
-2.41851256316094e-02
-2.54594604585137e-02
-2.66288607731438e-02
-2.74453968759553e-02
-2.82770228360067e-02
-2.87787866140130e-02
-2.91601738339340e-02
-2.89467690916669e-02
-2.82630415630566e-02
-2.77100404695734e-02
-2.67478710616927e-02
-2.56246836591563e-02
-2.43418564360257e-02
-2.27026315907169e-02
-2.09130716261626e-02
-2.01001623076316e-02
-1.93077619226253e-02
-1.82277875771811e-02
-1.79846397252809e-02
-1.81690766125016e-02
-1.86331915990779e-02
-1.93960438232960e-02
-2.07465065352982e-02
-2.22752690289964e-02
-2.33663912861927e-02
-2.47708003026729e-02
-2.60316117087230e-02
-2.71181533113363e-02
-2.74289883428345e-02
-2.74945151146108e-02
-2.73914178502000e-02
-2.63594570186144e-02
-2.47232955921228e-02
-2.34907639516214e-02
-2.18570387998128e-02
-1.90603422808929e-02
-1.67350132279340e-02
-1.48946490377045e-02
-1.27938814042633e-02
-1.06622305020212e-02
-9.16147162016016e-03
-8.26737781992318e-03
-6.91758757974658e-03
-5.80381852397162e-03
-5.44929062692013e-03
-5.33363738663438e-03
-4.85825047864401e-03
-4.22663750356169e-03
-3.77691192718063e-03
-3.27199727816563e-03
-2.24474064975388e-03
-1.01002827393318e-03
2.98765593364165e-04
1.72969531844413e-03
3.48238468485374e-03
5.71815717885497e-03
8.07894563082788e-03
1.01872603318953e-02
1.22438858842285e-02
1.44182398886308e-02
1.64204175340990e-02
1.82269155111355e-02
2.00841765311580e-02
2.18772118341093e-02
2.29229949164983e-02
2.40149486180792e-02
2.53130868061637e-02
2.60042886661931e-02
2.63550873398805e-02
2.71628381335412e-02
2.80408866813221e-02
2.80599683372734e-02
2.82303392651400e-02
2.89829241147151e-02
2.95261933130052e-02
2.95393867079294e-02
2.97453613140994e-02
3.03847944598248e-02
3.03029378058086e-02
3.00198948362225e-02
3.00411167249296e-02
3.04403492032936e-02
3.00941012154602e-02
3.01446424751307e-02
3.07110072779530e-02
3.09344611152141e-02
3.12804903117143e-02
3.20254157439878e-02
3.30741521808048e-02
3.40372048194207e-02
3.52839466670937e-02
3.62493332143957e-02
3.72453970045783e-02
3.80451371099382e-02
3.85650053955623e-02
3.89350682773831e-02
3.87394610905696e-02
3.84607560569951e-02
3.75540010707734e-02
3.59934178653391e-02
3.40891667558097e-02
3.25823466379651e-02
3.03879203394213e-02
2.77420954850420e-02
2.52424720619284e-02
2.23631189495084e-02
1.95244688213772e-02
1.64791788591024e-02
1.36432339857393e-02
1.12981933166200e-02
8.59418691729687e-03
6.39845065702257e-03
4.52301060151222e-03
2.64958353981203e-03
8.29895191748496e-04
-1.71588331016156e-04
-9.07834979993555e-04
-1.76317571954398e-03
-2.27602114964110e-03
-2.27790702511961e-03
-2.39995407675307e-03
-2.95471534460698e-03
-3.51277126265152e-03
-3.71240707518630e-03
-3.85181371792676e-03
-4.75136251556757e-03
-6.07714733113215e-03
-7.12062360302892e-03
-8.33185593131820e-03
-9.87729658777050e-03
-1.16868768700702e-02
-1.34802129666938e-02
-1.50101437388411e-02
-1.68264065262083e-02
-1.87945999638217e-02
-1.99880500565670e-02
-2.05304093648453e-02
-2.07909855372902e-02
-2.05113460126624e-02
-1.94857937620585e-02
-1.81785652094359e-02
-1.63853642791412e-02
-1.34118351523173e-02
-9.77625695378863e-03
-6.48788586477071e-03
-3.23804996956672e-03
5.40459834384432e-04
4.14636365238428e-03
7.18097374005044e-03
9.79845198161042e-03
1.21539912437359e-02
1.39242568869246e-02
1.51028240648172e-02
1.58506002774841e-02
1.60894461770530e-02
1.61238722554876e-02
1.61520590483438e-02
1.57185442993363e-02
1.50238549066758e-02
1.46760048689148e-02
1.45711335108855e-02
1.44091432300658e-02
1.39040045872778e-02
1.37514004778845e-02
1.39262432672680e-02
1.40964171905635e-02
1.46157275053718e-02
1.52837520523467e-02
1.58047723233274e-02
1.64298537620495e-02
1.71943181279292e-02
1.80682115190850e-02
1.87341887113075e-02
1.91867655835520e-02
1.97961560131734e-02
2.01113077503945e-02
2.00325370943263e-02
1.98626369356390e-02
1.92414979474062e-02
1.86114006649708e-02
1.79695772081748e-02
1.67379071140077e-02
1.54687351091017e-02
1.44106351764531e-02
1.33798550038506e-02
1.27092616714315e-02
1.20831211430459e-02
1.15848939230499e-02
1.20164782394671e-02
1.28817154982256e-02
1.36970676914098e-02
1.48280377876509e-02
1.64191354697060e-02
1.83910966131788e-02
2.08810223664825e-02
2.27859154546870e-02
2.39694650402001e-02
2.55555780300047e-02
2.75416460166805e-02
2.86534570711918e-02
2.89151324565285e-02
2.91302991475633e-02
2.92425453554020e-02
2.88820507803543e-02
2.80311354426481e-02
2.67301445674136e-02
2.53312109904863e-02
2.35218090359903e-02
2.20957972675577e-02
2.11352385835061e-02
1.99104070863444e-02
1.86363284192130e-02
1.81658000360790e-02
1.81158742490457e-02
1.76795422465963e-02
1.75666503837646e-02
1.80884964419422e-02
1.88232473899692e-02
1.92583655902034e-02
1.98346817803588e-02
2.02894739927587e-02
2.07355026687049e-02
2.14687350104025e-02
2.20708789993052e-02
2.21517335437973e-02
2.18164825391572e-02
2.16671949470072e-02
2.14003868574384e-02
2.02659623957680e-02
1.86984767524684e-02
1.75111785277380e-02
1.60967075818699e-02
1.38064404648137e-02
1.13156980987622e-02
9.54434173710932e-03
8.01250788919448e-03
6.09050157639803e-03
4.48177668173519e-03
3.50879679568401e-03
2.83327597782907e-03
2.40128350171759e-03
2.31992520825441e-03
2.83364644164836e-03
3.66333203915989e-03
4.50759283588663e-03
5.50270240697931e-03
7.14531245065383e-03
8.74170827753960e-03
9.67493176879320e-03
1.08815648878081e-02
1.26597817787424e-02
1.37677963981498e-02
1.43803724313872e-02
1.53272588195514e-02
1.62403326353930e-02
1.69396545953845e-02
1.74112537744161e-02
1.81686660026060e-02
1.92598615502311e-02
1.98732282473021e-02
2.05496445684090e-02
2.12269362672851e-02
2.17124449598079e-02
2.19950793534027e-02
2.28811870666618e-02
2.33471827695209e-02
2.29892903677080e-02
2.31765678222260e-02
2.32553181525062e-02
2.28882495635133e-02
2.24633184774617e-02
2.23591194811094e-02
2.18186073937577e-02
2.12900868144912e-02
2.05787068474423e-02
2.01176306824319e-02
1.98891036543810e-02
1.90540754575887e-02
1.84468275910394e-02
1.80032213539263e-02
1.74684622135601e-02
1.67244524192620e-02
1.63297735264558e-02
1.56643614874248e-02
1.52589409220560e-02
1.52076244082866e-02
1.44511119239173e-02
1.43875787956302e-02
1.45467374027163e-02
1.43929408839987e-02
1.40665420348718e-02
1.42928456294923e-02
1.43845604146409e-02
1.40501766662548e-02
1.36484926642314e-02
1.31852147545522e-02
1.28271440195310e-02
1.16047703159703e-02
1.02029938536134e-02
9.35751906055135e-03
7.54213261798744e-03
5.24221383840439e-03
2.98264530428719e-03
7.01633403525744e-04
-2.12928033779234e-03
-4.49459658180513e-03
-6.76223984403675e-03
-9.35601578104303e-03
-1.18310565611352e-02
-1.38337672309162e-02
-1.52636804278513e-02
-1.64906616389305e-02
-1.73062422803635e-02
-1.76533983500161e-02
-1.80309213048602e-02
-1.86556407678419e-02
-1.89293820353396e-02
-1.91666632866072e-02
-1.99645331741680e-02
-2.09952599440586e-02
-2.21677763075260e-02
-2.38273297910327e-02
-2.56370655370224e-02
-2.74819008032119e-02
-2.93999907404224e-02
-3.12395655838031e-02
-3.32929291833883e-02
-3.52831480310387e-02
-3.64734598173244e-02
-3.69942436008923e-02
-3.72709845625608e-02
-3.72498418719339e-02
-3.69576540954375e-02
-3.58876782468880e-02
-3.45930754368199e-02
-3.37833315947769e-02
-3.21927697220960e-02
-3.01264176200917e-02
-2.86260153265455e-02
-2.72909606100304e-02
-2.52704450353922e-02
-2.30695175179253e-02
-2.12648949899019e-02
-1.96809120368963e-02
-1.76942811687866e-02
-1.53906133513890e-02
-1.34634881052697e-02
-1.13674253506565e-02
-8.88130566490298e-03
-6.39956776727070e-03
-4.74719111001322e-03
-2.88751066761350e-03
-2.56226609679167e-04
1.83040220953461e-03
3.29311962238635e-03
4.80035708385385e-03
6.26389615256897e-03
7.45544453917483e-03
8.59946660338566e-03
9.36378274428019e-03
9.93689855241855e-03
1.03789665588224e-02
1.05164558635788e-02
1.03500356287392e-02
1.01058898042273e-02
1.05239816916971e-02
1.07791688861475e-02
1.03432884975934e-02
9.71461331944890e-03
9.76318926768455e-03
1.01193086305489e-02
9.76448284207780e-03
9.53593306097074e-03
9.57719850046140e-03
9.05604367214097e-03
7.98898173095361e-03
7.70838968709943e-03
7.04341149757044e-03
5.74419760221475e-03
4.84386043639600e-03
4.19179413509862e-03
3.07276879251288e-03
1.36225374664424e-03
6.09986957701020e-04
6.91891044372669e-04
1.13100796853638e-04
-1.02836289446993e-03
-1.33213200930913e-03
-4.48451884978034e-04
2.12069687250869e-05
3.71251799224779e-04
1.52063535463255e-03
3.26116351495398e-03
4.89617044918909e-03
6.35559598822957e-03
8.36363544823381e-03
1.04639981030378e-02
1.22645034502111e-02
1.39234893732600e-02
1.57980141854657e-02
1.74209415012400e-02
1.86488936938061e-02
1.97427688019224e-02
2.07596288794825e-02
2.14148790302642e-02
2.15932781940054e-02
2.19944004055276e-02
2.28238140250894e-02
2.31190766918453e-02
2.27144049127161e-02
2.25647799959750e-02
2.28762790180862e-02
2.32486021445811e-02
2.34711313823358e-02
2.35100628264823e-02
2.37670085398404e-02
2.41913749815987e-02
2.41662870781359e-02
2.44594335540278e-02
2.53904271611182e-02
2.59721565158810e-02
2.62823309761267e-02
2.65496702675706e-02
2.70283887120843e-02
2.77223081684807e-02
2.85182311291202e-02
2.92805752285213e-02
3.00367575175014e-02
3.02875547997412e-02
3.07281648955611e-02
3.19267780078247e-02
3.28292907840610e-02
3.33520247297788e-02
3.41641857206692e-02
3.50286108548337e-02
3.53151299597642e-02
3.57977792521016e-02
3.68745174580476e-02
3.78996069496097e-02
3.81682537482524e-02
3.81636176783237e-02
3.83098482690236e-02
3.80325461524785e-02
3.76877018276029e-02
3.74723587588820e-02
3.74088264586937e-02
3.67079876433493e-02
3.55106664944275e-02
3.48202733023704e-02
3.41657045966585e-02
3.33302176861096e-02
3.26639777014410e-02
3.23044081917387e-02
3.17812245625509e-02
3.14063658202787e-02
3.11883589702844e-02
3.12564212172727e-02
3.15845736279963e-02
3.14447853002011e-02
3.15334840114455e-02
3.16330455964089e-02
3.14959104029523e-02
3.11663349909655e-02
3.10107407367989e-02
3.04596619919599e-02
2.95995343809386e-02
2.85459404059965e-02
2.70157185435856e-02
2.56269574657030e-02
2.44481171313564e-02
2.35690511231741e-02
2.25142303560225e-02
2.13549191865646e-02
2.04824764872636e-02
2.03703776923376e-02
2.06579678338979e-02
2.07741035726077e-02
2.13182172879642e-02
2.22267148178015e-02
2.31489560856632e-02
2.38602182271184e-02
2.41192756159307e-02
2.44687868345545e-02
2.46155747656873e-02
2.43181366057715e-02
2.28649763479168e-02
2.10450457232323e-02
1.92352432980744e-02
1.71609067277035e-02
1.50694237352028e-02
1.26079314294025e-02
9.89577961204146e-03
7.58225678135970e-03
5.95913905453558e-03
4.56903465753702e-03
3.42671410891051e-03
2.38978359292577e-03
1.83166068200489e-03
1.59962149801102e-03
8.64930990962680e-04
5.96446127222911e-04
7.59871382293772e-04
8.41291673839365e-04
2.88031432260653e-04
-8.06957429797025e-04
-1.82889402323879e-03
-2.57036360011408e-03
-3.77224871090570e-03
-5.25751917879936e-03
-6.53029356677075e-03
-7.84983671947355e-03
-8.96637329737472e-03
-9.85682203702971e-03
-1.08139114558375e-02
-1.17306767837184e-02
-1.24843544342384e-02
-1.30296568539081e-02
-1.36872167451190e-02
-1.44848646041676e-02
-1.52059867497108e-02
-1.57972311498120e-02
-1.65971515113427e-02
-1.79464295360645e-02
-1.92703976720780e-02
-2.02585481889028e-02
-2.15590490077380e-02
-2.31340841118784e-02
-2.45984538420600e-02
-2.59165258973078e-02
-2.72318495725863e-02
-2.86979532171049e-02
-3.02815585672724e-02
-3.15047965365995e-02
-3.28094430889643e-02
-3.44509127932069e-02
-3.54004577225531e-02
-3.62260420388118e-02
-3.73175629596573e-02
-3.82546183537365e-02
-3.88614196391516e-02
-3.94073276480986e-02
-3.97515480447063e-02
-3.99449677126154e-02
-3.98610131569022e-02
-3.95239116073700e-02
-3.88592261947122e-02
-3.75202814808332e-02
-3.64101228754475e-02
-3.52515489707881e-02
-3.33640850042492e-02
-3.13756373887044e-02
-2.96228115387594e-02
-2.75620815115270e-02
-2.48793465506166e-02
-2.23845252154210e-02
-2.03915439681549e-02
-1.83439395794332e-02
-1.58498999420230e-02
-1.36444926515925e-02
-1.17184143469568e-02
-9.85640098705617e-03
-8.42732511765487e-03
-7.33375830688753e-03
-5.95366201488720e-03
-4.42319741926793e-03
-3.38667887342562e-03
-2.48288407309182e-03
-1.09136020550200e-03
-1.05185286555522e-04
4.00802550770546e-04
1.26619194291994e-03
2.36253647372961e-03
3.05688945337783e-03
3.07739595988899e-03
2.92280274109912e-03
3.20833950260693e-03
3.60917589596942e-03
3.86410999367660e-03
4.17089683618158e-03
4.30199481860807e-03
4.59560840008770e-03
5.50765318235739e-03
6.50690111972211e-03
7.53274938969357e-03
9.33161633950606e-03
1.11420702384029e-02
1.23418952632404e-02
1.38598989346601e-02
1.55444128497255e-02
1.70484665924824e-02
1.89161849607859e-02
2.02405291962704e-02
2.06204156315793e-02
2.12904479244333e-02
2.24260981984009e-02
2.35742910554274e-02
2.43424447153497e-02
2.49230802622490e-02
2.61090295459514e-02
2.74996716990512e-02
2.85167042218731e-02
3.02711647254322e-02
3.25699573280909e-02
3.40983957080308e-02
3.52944573372463e-02
3.64708170154872e-02
3.75180334127842e-02
3.83583096438729e-02
3.90063847284544e-02
1.60274481663661e-02
1.68644184483587e-02
1.69312206092149e-02
1.59642502189234e-02
1.57214894275952e-02
1.55735317136290e-02
1.54116958423680e-02
1.45094956880192e-02
1.38396102122340e-02
1.34939461750293e-02
1.25498822237137e-02
1.11616830789464e-02
9.74439334681807e-03
8.78753766363718e-03
7.74076684955646e-03
6.75019267461210e-03
5.28473083414599e-03
4.10705231790398e-03
2.88794053125437e-03
1.68984217630362e-03
7.10349374629093e-04
-3.76895307718525e-04
-1.12557079135509e-03
-2.28416775686093e-03
-3.23140750026064e-03
-3.66177423551414e-03
-3.99518226604541e-03
-4.49493860870667e-03
-4.68645540930440e-03
-4.55983468519631e-03
-4.17191956415036e-03
-3.71293121083593e-03
-3.66771882488090e-03
-3.32929430944448e-03
-3.04385497919011e-03
-3.47404088106518e-03
-4.20678202193614e-03
-4.88996780274436e-03
-5.91013207600532e-03
-7.63651880755161e-03
-9.53216005014753e-03
-1.15003788879536e-02
-1.36984854377658e-02
-1.62796545182942e-02
-1.86650011986668e-02
-2.07283012323237e-02
-2.33042158970415e-02
-2.62229601989333e-02
-2.80831286030200e-02
-2.99013932341403e-02
-3.24747735933627e-02
-3.49156632638166e-02
-3.68869851734243e-02
-3.85789912241461e-02
-4.07300691991035e-02
-4.31301958005800e-02
-4.54539912859456e-02
-4.74320458707038e-02
-4.95798244613394e-02
-5.17973389222099e-02
-5.41559385349769e-02
-5.65442299525460e-02
-5.81612632130480e-02
-5.98099083548473e-02
-6.14188092111903e-02
-6.30016593410535e-02
-6.37213996364136e-02
-6.40507808299118e-02
-6.46528301849719e-02
-6.51618357872421e-02
-6.46939313496940e-02
-6.37226830636381e-02
-6.32831152033182e-02
-6.25912509086018e-02
-6.18186384851876e-02
-6.05936049146018e-02
-5.90236041779928e-02
-5.74475320067276e-02
-5.62860675634201e-02
-5.52402230667129e-02
-5.34150288191231e-02
-5.12995735870626e-02
-4.92749262649212e-02
-4.77481977906297e-02
-4.57639084885819e-02
-4.31691506722897e-02
-4.09472890076866e-02
-3.92172944727871e-02
-3.71033930281682e-02
-3.44777656474089e-02
-3.22744453063230e-02
-3.04380968474461e-02
-2.86385231850518e-02
-2.66625290603518e-02
-2.44301951923524e-02
-2.24786874153162e-02
-2.12966171864832e-02
-1.97808728858330e-02
-1.78706399309467e-02
-1.60880999674516e-02
-1.45332223422723e-02
-1.27783049604115e-02
-1.11888089182190e-02
-9.72047576716867e-03
-8.43415352617019e-03
-7.06677840879563e-03
-5.58833099792215e-03
-4.73215646464165e-03
-3.72228808260424e-03
-2.68482938513464e-03
-1.54949729043022e-03
-7.75938707869024e-04
2.88651794783313e-04
1.59485311756686e-03
3.01187181992526e-03
4.49655975111292e-03
5.56697359024370e-03
7.03603681624773e-03
8.78849792174851e-03
1.10429221928576e-02
1.26025940109091e-02
1.38098707723534e-02
1.54563380203294e-02
1.75043257123941e-02
1.93226947919686e-02
2.07949486226953e-02
2.28240344145262e-02
2.45328065914373e-02
2.62731147951792e-02
2.73912854188822e-02
2.86503461449028e-02
2.99689090959914e-02
3.16276999020339e-02
3.33963016788543e-02
3.38887107070572e-02
3.43793256460515e-02
3.54288313545662e-02
3.66158541719752e-02
3.75813005079959e-02
3.76040853064522e-02
3.76960648921917e-02
3.80655407335367e-02
3.87330416216053e-02
3.87647420528183e-02
3.91798231641483e-02
4.01481324065240e-02
4.12561745694201e-02
4.21535555298043e-02
4.27475343829590e-02
4.39747105860561e-02
4.52032621619788e-02
4.63356453026669e-02
4.72160884429808e-02
4.77983786752209e-02
4.79767069568847e-02
4.80452380363991e-02
4.82689156237705e-02
4.81775739253751e-02
4.76897101425334e-02
4.71585733097030e-02
4.69440529784354e-02
4.66570168077488e-02
4.63887270190233e-02
4.61300352717838e-02
4.60579562380736e-02
4.63571645819703e-02
4.65272157860375e-02
4.61750396935474e-02
4.56967988198662e-02
4.54587439604472e-02
4.48716484774330e-02
4.30552505251893e-02
4.09216887963973e-02
3.90226732778008e-02
3.63348720584810e-02
3.26554184867059e-02
2.91790353382075e-02
2.61363508267252e-02
2.23772164237004e-02
1.84788806677710e-02
1.56660714076229e-02
1.32510008053706e-02
1.02205000090000e-02
7.76581137209997e-03
6.72149288569817e-03
5.47372007477565e-03
4.54955425315886e-03
4.46736702417357e-03
4.97348634022785e-03
5.22771812910967e-03
5.86969925238576e-03
7.30086343669827e-03
8.70280063492032e-03
9.87779790756707e-03
1.10635004116599e-02
1.26463584982538e-02
1.33517738413666e-02
1.41459461644091e-02
1.52183388386163e-02
1.56764373401265e-02
1.54785074508396e-02
1.50353816399300e-02
1.46332753806675e-02
1.38601256565219e-02
1.31836889811224e-02
1.20502639000400e-02
1.06902542419343e-02
9.13099407933414e-03
7.83657691196610e-03
6.69300229454821e-03
5.54612589065243e-03
4.64963277131334e-03
3.86171716564480e-03
3.36069162437602e-03
2.71991275066840e-03
2.50366246615452e-03
2.85822558768861e-03
3.58669392679728e-03
3.87508147488615e-03
4.09612454305622e-03
5.18668174049047e-03
6.26484557942561e-03
7.52320834280980e-03
8.80283241850187e-03
9.53265501024976e-03
1.01223254297951e-02
1.11953048844610e-02
1.22947855139449e-02
1.36353785537536e-02
1.49355948103501e-02
1.57325359818172e-02
1.68274569924494e-02
1.80485637357614e-02
1.89996185645438e-02
2.01799773670915e-02
2.12476694877632e-02
2.20515768399223e-02
2.31454706989187e-02
2.37468865593206e-02
2.40879057466796e-02
2.49177834610168e-02
2.56209803015467e-02
2.58554652479307e-02
2.59356878785871e-02
2.64709082565904e-02
2.70117565651243e-02
2.77801017006068e-02
2.84268568997119e-02
2.91021203907288e-02
2.98007101110788e-02
3.05892429937784e-02
3.14472349413904e-02
3.20900207560928e-02
3.25863265406637e-02
3.26460117644514e-02
3.32361130096574e-02
3.31518654340494e-02
3.21893252739754e-02
3.14151064156296e-02
3.11412382704603e-02
3.04450157014437e-02
2.90786888213335e-02
2.82065254118075e-02
2.74375828155850e-02
2.73343300701444e-02
2.67125806735708e-02
2.52970757458297e-02
2.43900507027537e-02
2.41746405990137e-02
2.35931199202736e-02
2.23878665449116e-02
2.15871842788963e-02
2.06274398652822e-02
2.01119292438727e-02
1.88352878461952e-02
1.74509908980570e-02
1.68981368785345e-02
1.64051290227286e-02
1.56102141068366e-02
1.50852492671550e-02
1.50496072570636e-02
1.47618021754786e-02
1.55375698070008e-02
1.64137633718612e-02
1.63397618539065e-02
1.60424826622163e-02
1.65722297976895e-02
1.72311153877758e-02
1.67537996125191e-02
1.60830946065934e-02
1.59249930228767e-02
1.64491158407834e-02
1.54579277099808e-02
1.38296800337424e-02
1.35360301271412e-02
1.36431426227350e-02
1.29486111020918e-02
1.22697824153735e-02
1.24359183739947e-02
1.25154383483345e-02
1.31982307086068e-02
1.38391313247707e-02
1.42250931860256e-02
1.49173392353044e-02
1.64559737466344e-02
1.81610441235330e-02
1.89915451984638e-02
1.96019958698951e-02
2.05136266060421e-02
2.18748826359355e-02
2.21070464119590e-02
2.17929048017047e-02
2.19641648949465e-02
2.23009945644141e-02
2.21269926346285e-02
2.14594838924448e-02
2.10772146199207e-02
2.09799362116494e-02
2.08331074526257e-02
2.02594350990432e-02
1.93423219914743e-02
1.87622180933452e-02
1.80172157024705e-02
1.72262650509202e-02
1.59786791252791e-02
1.45299583599109e-02
1.31044381915541e-02
1.16043009828859e-02
1.02129666603234e-02
9.19133451716169e-03
8.32552159662744e-03
7.56688290993443e-03
7.37250347888636e-03
7.43013519349254e-03
8.11660273287952e-03
9.16727723022596e-03
1.01443899209077e-02
1.14693105746260e-02
1.30241404621766e-02
1.44031287322108e-02
1.53127004711490e-02
1.61752614124840e-02
1.70490306633072e-02
1.74021199024942e-02
1.67418897868174e-02
1.62291687765073e-02
1.61366300454026e-02
1.49549212634373e-02
1.35368147268884e-02
1.25670163382050e-02
1.15949174052690e-02
1.02686262927253e-02
9.25986327264947e-03
8.71878365272910e-03
8.20981577163036e-03
7.51795554997469e-03
7.13205169213234e-03
7.19815269582363e-03
7.11983689828996e-03
7.07327556473015e-03
7.17998645892767e-03
7.51209151156725e-03
7.83958626959806e-03
8.02192973519683e-03
8.01509649640596e-03
7.89093840501304e-03
7.94624274331992e-03
7.60016370856062e-03
6.39965512879919e-03
5.30169098947673e-03
4.55632526983231e-03
3.05936440438522e-03
7.94343542229184e-04
-1.24188839358454e-03
-2.84423498841862e-03
-4.89836645057841e-03
-7.75842968330271e-03
-1.01923287394701e-02
-1.19216371727701e-02
-1.40256546173614e-02
-1.64389929627199e-02
-1.85401968976243e-02
-2.01900449807257e-02
-2.15925265783141e-02
-2.28340592597851e-02
-2.34296415375133e-02
-2.35908092775559e-02
-2.37928327114963e-02
-2.32815583512803e-02
-2.18400156628938e-02
-2.07128166492007e-02
-1.97051156226279e-02
-1.77896135465966e-02
-1.54841301751077e-02
-1.34555736940454e-02
-1.18245117386335e-02
-9.72881793318414e-03
-7.56003585568910e-03
-6.29992536341757e-03
-5.57067729961248e-03
-4.68684868314705e-03
-4.48790616333145e-03
-4.94183033109443e-03
-5.24065680172898e-03
-6.12670584309977e-03
-7.74305604508947e-03
-9.01391186388798e-03
-9.91585674444585e-03
-1.12194130766349e-02
-1.24281235866495e-02
-1.25093347784018e-02
-1.27952222651391e-02
-1.33249347197558e-02
-1.29127952403354e-02
-1.20401363930767e-02
-1.15410746835197e-02
-1.10118742204203e-02
-1.02073920352112e-02
-9.79156387701740e-03
-9.78984959327808e-03
-9.71941487287630e-03
-9.49419041170464e-03
-9.77132116406216e-03
-1.03887975706048e-02
-1.04083682250776e-02
-1.06165592923880e-02
-1.10617310985447e-02
-1.06297990970480e-02
-9.26900783848815e-03
-8.15696778068020e-03
-6.70835339444011e-03
-4.74718778580243e-03
-2.64182627348455e-03
2.00651865388672e-04
3.08703391405506e-03
6.09989498724099e-03
8.99837402057226e-03
1.11139025933949e-02
1.31728352021105e-02
1.55496048804355e-02
1.71557906235419e-02
1.78771225449429e-02
1.84186600559637e-02
1.87634536050413e-02
1.83470693288846e-02
1.67218242550283e-02
1.53579110570731e-02
1.45251120971448e-02
1.27749742557371e-02
1.00416679882923e-02
8.04250659346406e-03
7.02024166785041e-03
5.82339859573183e-03
4.89730625351862e-03
4.71937957445441e-03
5.55655719115761e-03
7.10583599421542e-03
8.97998754651262e-03
1.12382794644594e-02
1.39735428421376e-02
1.72037587720971e-02
2.02298583005429e-02
2.26170906185248e-02
2.44770710389888e-02
2.68550895654580e-02
2.90222981411104e-02
2.97830145615246e-02
2.96417737682967e-02
2.96508759977407e-02
2.96417141595357e-02
2.90421286581475e-02
2.82384700626734e-02
2.75413855556790e-02
2.70389289550907e-02
2.67083882181702e-02
2.63470640805934e-02
2.59618132682779e-02
2.60132439464749e-02
2.65900262386989e-02
2.67752581719489e-02
2.66276869359510e-02
2.65390813011696e-02
2.70820091717653e-02
2.78477823219505e-02
2.81723532408485e-02
2.81195637586617e-02
2.82840777003484e-02
2.86501457251756e-02
2.92963109376036e-02
3.00683400212606e-02
3.04304804358923e-02
3.07866580393536e-02
3.16372654335593e-02
3.18891890295696e-02
3.15918708318266e-02
3.16345210091472e-02
3.20618018913954e-02
3.25088215136605e-02
3.22930807016413e-02
3.18859800022098e-02
3.20377047032315e-02
3.21867806000907e-02
3.24835547299080e-02
3.25970081744823e-02
3.21592083748363e-02
3.18436422354555e-02
3.22590259130555e-02
3.22074813686934e-02
3.14779255800169e-02
3.11660803340801e-02
3.09518084170736e-02
2.99919255244199e-02
2.86834595993387e-02
2.79999786985937e-02
2.75687524582115e-02
2.70840610327866e-02
2.62865410727594e-02
2.55573628496073e-02
2.53565550105357e-02
2.52268500414003e-02
2.54983521266859e-02
2.59105949547655e-02
2.58224981777003e-02
2.55758096800102e-02
2.59995802744726e-02
2.58604741215315e-02
2.50523602265052e-02
2.46677891763314e-02
2.41381473281408e-02
2.34110725839693e-02
2.25480601453010e-02
2.22723645088101e-02
2.23579967503262e-02
2.26673801526068e-02
2.29997595699931e-02
2.36353108349970e-02
2.46473150927826e-02
2.57395178201664e-02
2.74192369613778e-02
2.88401259266156e-02
3.01079304136008e-02
3.12939751882876e-02
3.26957443052297e-02
3.36417872676178e-02
3.37898049230898e-02
3.41105459998641e-02
3.40540248006430e-02
3.35954979932317e-02
3.30898797691859e-02
3.29550930323897e-02
3.18439737961712e-02
3.08591441137562e-02
3.01551404479082e-02
2.91194724377538e-02
2.80352626344176e-02
2.72339860676566e-02
2.67105670951879e-02
2.55756212502652e-02
2.43701279113750e-02
2.36168813605025e-02
2.32562025212469e-02
2.23510558939851e-02
2.12019580709069e-02
2.04897475422731e-02
1.95494794135948e-02
1.84467366134943e-02
1.69525756565697e-02
1.54612986143418e-02
1.35269920881182e-02
1.11277327558280e-02
8.08982068366190e-03
4.57817480102212e-03
9.78110607633484e-04
-2.60050601099976e-03
-6.04413750394919e-03
-9.72346973014232e-03
-1.32641332296603e-02
-1.63072066378068e-02
-1.89593175649484e-02
-2.12890723644770e-02
-2.29622284012673e-02
-2.41074986444856e-02
-2.50799472456174e-02
-2.55041583832711e-02
-2.56616486953487e-02
-2.58742459976130e-02
-2.60737729231815e-02
-2.61198825288743e-02
-2.61456322526099e-02
-2.69115448970434e-02
-2.84144331091905e-02
-2.90736432156774e-02
-2.98930826337917e-02
-3.15991614176586e-02
-3.29913240770498e-02
-3.42182445307513e-02
-3.60298330727190e-02
-3.76790778478336e-02
-3.84299136100824e-02
-3.89725168141025e-02
-3.99870012933005e-02
-4.09196259551366e-02
-4.11707088879493e-02
-4.13882331987062e-02
-4.19762908764822e-02
-4.16650614929699e-02
-4.10546042642239e-02
-4.11848674957013e-02
-4.16604276511393e-02
-4.10632307912912e-02
-4.03462115491342e-02
-4.02134485322047e-02
-4.04654844702546e-02
-4.08807171257237e-02
-4.10027741565662e-02
-4.17364377169741e-02
-4.26976441845034e-02
-4.34336328007520e-02
-4.37159210803516e-02
-4.47323093349773e-02
-4.57118554060985e-02
-4.61090186648052e-02
-4.62615344255741e-02
-4.56614796590916e-02
-4.49274983807932e-02
-4.39994489947765e-02
-4.30853776519498e-02
-4.16431546196092e-02
-3.99927713979311e-02
-3.80591586068257e-02
-3.66940723830461e-02
-3.62029147684707e-02
-3.52313891120935e-02
-3.46050893090430e-02
-3.44399008460644e-02
-3.51487000767619e-02
-3.52304081707701e-02
-3.49109132451765e-02
-3.52159730175915e-02
-3.63601533816656e-02
-3.67938931346079e-02
-3.61527325453900e-02
-3.61907998013533e-02
-3.57775725556421e-02
-3.50023547840215e-02
-3.41009230813872e-02
-3.32763031585381e-02
-3.20968148318873e-02
-3.07349977771185e-02
-2.96519015729538e-02
-2.82949859058089e-02
-2.67897507912500e-02
-2.51066204734052e-02
-2.41808087735594e-02
-2.23140075027516e-02
-1.96051619936069e-02
-1.74765285156051e-02
-1.59953294501835e-02
-1.38253525060962e-02
-1.13138607570487e-02
-9.54468658298308e-03
-7.65696700869007e-03
-5.77193977258142e-03
-4.07350585117936e-03
-2.64250325531700e-03
-1.48570620952249e-03
-5.63846649747342e-04
3.37430212316876e-04
1.30978879077404e-03
2.13805225449819e-03
2.92375459144731e-03
3.11041825263227e-03
3.39515764942541e-03
4.56695936868463e-03
5.21880898836040e-03
5.12675426291645e-03
5.89737435198694e-03
6.90662110872416e-03
7.35829614382061e-03
8.03158399757288e-03
9.33132127407611e-03
1.10094274543957e-02
1.25806349417138e-02
1.39983583289518e-02
1.61596180217238e-02
1.87922767835323e-02
2.09196194017045e-02
2.35461236670217e-02
2.62352214357246e-02
2.83536439660259e-02
3.07937041546302e-02
3.31531397343362e-02
3.48675056346161e-02
3.60500367503534e-02
3.71878561398492e-02
3.75057662120556e-02
3.73115686243035e-02
3.69324110307153e-02
3.65971717256836e-02
3.58291783988423e-02
3.42420312826990e-02
3.31257375487386e-02
3.24555441308636e-02
3.17383707833848e-02
3.06818802152411e-02
3.04180783036525e-02
3.07021221046361e-02
3.09483607059525e-02
3.12892397750940e-02
3.19261097513917e-02
3.30851219825834e-02
3.34071555850889e-02
3.29688133880595e-02
3.27004647725606e-02
3.27980942869875e-02
3.19508398152904e-02
3.04508912936654e-02
2.91206907919090e-02
2.74921672525919e-02
2.55274292300659e-02
2.31953365783381e-02
2.13030760772521e-02
1.95260428850041e-02
1.78335007156792e-02
1.61675330971330e-02
1.46386696573006e-02
1.35390743284327e-02
1.24314626601709e-02
1.15928418264109e-02
1.10537417101539e-02
1.09212286998156e-02
1.02748592333440e-02
9.59745790531153e-03
9.17688126196319e-03
8.91358318782998e-03
8.60362104856596e-03
8.10273506334578e-03
7.92748121766015e-03
7.75002218188624e-03
7.37282170243794e-03
6.93564219792275e-03
6.87040362730678e-03
6.73117991486182e-03
6.56355199831831e-03
6.62607619100786e-03
6.33571941030702e-03
6.00605472778266e-03
5.91684632373428e-03
5.96360405344591e-03
5.41629742048461e-03
4.92457699727919e-03
4.67299938482337e-03
3.92342483714038e-03
2.72578716576196e-03
1.67291422173470e-03
1.14709613171856e-03
4.90643772924509e-04
-6.77477089169222e-04
-1.66433224618286e-03
-1.99346290410307e-03
-2.87880113693957e-03
-3.76672228077011e-03
-3.43912710990037e-03
-2.87310374822606e-03
-2.48305997795969e-03
-2.09801037004333e-03
-1.81611401241338e-03
-1.43696557467599e-03
-1.17600230902873e-03
-1.25858828556362e-03
-1.41866283436430e-03
-1.88863449190966e-03
-2.80249982804379e-03
-4.02815160320525e-03
-5.85936960504545e-03
-7.96681150767208e-03
-9.87284202638720e-03
-1.21864534631508e-02
-1.49902679514276e-02
-1.73383695088733e-02
-1.94363056413153e-02
-2.12431167343222e-02
-2.29794221026664e-02
-2.45991649235332e-02
-2.59044176717361e-02
-2.70336400122945e-02
-2.79531021838126e-02
-2.85513055197723e-02
-2.85797960948874e-02
-2.84068773399629e-02
-2.79134484349190e-02
-2.75389034353334e-02
-2.68639315033239e-02
-2.59754060626454e-02
-2.51726898755420e-02
-2.37030592441846e-02
-2.23046587498586e-02
-2.11002905845791e-02
-2.00204427928321e-02
-1.84368153757522e-02
-1.71360743499477e-02
-1.62304159671479e-02
-1.55177185252006e-02
-1.50647620248600e-02
-1.48589159010992e-02
-1.48127268824488e-02
-1.44244291956935e-02
-1.43276050296910e-02
-1.44794366758836e-02
-1.47892681952113e-02
-1.45773925517993e-02
-1.41034815895706e-02
-1.34779704048678e-02
-1.19826545241284e-02
-1.08009947071430e-02
-9.77027446676414e-03
-8.16516054274334e-03
-6.21426210174627e-03
-5.13724137079261e-03
-4.00994050881091e-03
-2.35623389939327e-03
-1.53398024358034e-03
-1.59786221150044e-03
-1.37610717387340e-03
-4.97129926760035e-04
-3.08631841489026e-04
-7.88775341105007e-04
-1.23485870033895e-03
-9.02663224454527e-04
-8.43535603229601e-04
-1.19890340260969e-03
-6.30663415802925e-04
-7.60255650534520e-05
3.59921629263223e-04
1.06735687238372e-03
1.92342903605342e-03
2.45765568122258e-03
3.40209539977217e-03
4.86688443127124e-03
6.22750350156068e-03
7.60431754515230e-03
9.03761096570833e-03
1.07316773120529e-02
1.24659689999280e-02
1.42814468568535e-02
1.62638757533593e-02
1.83270237775492e-02
2.03003172548337e-02
2.20789152210328e-02
2.36851338267981e-02
2.49171682397949e-02
2.59979068718631e-02
2.69061668854555e-02
2.69743595878119e-02
2.63042619163713e-02
2.55516008834746e-02
2.46351796926443e-02
2.32123485833625e-02
2.14882233435229e-02
1.94843428832310e-02
1.73784214364053e-02
1.53678471327411e-02
1.36435449143081e-02
1.20498716920861e-02
1.03418223434576e-02
9.35879664071196e-03
9.30550216044369e-03
8.94944957665160e-03
8.83074433112409e-03
9.48712940723430e-03
1.02245688792711e-02
1.06986108225082e-02
1.11695303484475e-02
1.17178242924445e-02
1.19158100669774e-02
1.15401615025846e-02
1.06499728260027e-02
9.25726262094676e-03
7.47145468335319e-03
5.56454505716303e-03
3.67508517211653e-03
1.39073720569103e-03
-1.02623330651432e-03
-2.97898870563351e-03
-4.45442920594556e-03
-5.72752650109242e-03
-6.27798111213070e-03
-6.20210814639072e-03
-6.21597267826194e-03
-5.92224252837482e-03
-5.12242246377799e-03
-4.14184033332653e-03
-3.00456340506085e-03
-2.09758459520268e-03
-1.44852609388178e-03
-8.16470357375863e-04
-6.66174178897973e-04
-9.91034315192311e-04
-1.20088608149055e-03
-1.50847489096965e-03
-2.59172852303867e-03
-4.14106232071820e-03
-5.43464476428920e-03
-6.46905176511370e-03
-7.50918609802291e-03
-8.48514341321656e-03
-9.31524894182875e-03
-9.96738908775889e-03
-1.07983607812187e-02
-1.14079816564310e-02
-1.10496701318018e-02
-1.07064443659560e-02
-1.12519283109177e-02
-1.14853151608502e-02
-1.13236179695357e-02
-1.19126098084162e-02
-1.28774037654706e-02
-1.33670504542183e-02
-1.38891119328520e-02
-1.50665672529979e-02
-1.69115944406487e-02
-1.80535802102132e-02
-1.85798136918082e-02
-1.98853798625570e-02
-2.14923503102079e-02
-2.21106408848426e-02
-2.27658366765656e-02
-2.38100491760369e-02
-2.44785677430520e-02
-2.48358792214552e-02
-2.49339843261349e-02
-2.52071263546481e-02
-2.55714906360186e-02
-2.53663423064126e-02
-2.50970021612525e-02
-2.49277503236373e-02
-2.45951745164244e-02
-2.42541398228318e-02
-2.40325488499182e-02
-2.35529709831405e-02
-2.31431451793332e-02
-2.28935388282335e-02
-2.27702505296674e-02
-2.28111883403327e-02
-2.26342725907035e-02
-2.27259247643841e-02
-2.30803078740020e-02
-2.33448334547078e-02
-2.34761289618516e-02
-2.40600027394722e-02
-2.43452152153532e-02
-2.41974382212031e-02
-2.41596355944787e-02
-2.38188270950017e-02
-2.33626605200175e-02
-2.25484061673839e-02
-2.16150696540992e-02
-2.07947282335842e-02
-1.91502382046297e-02
-1.74790999026434e-02
-1.61784174880420e-02
-1.47946133969651e-02
-1.35148490040278e-02
-1.23772435855100e-02
-1.10400360887060e-02
-9.91801465577777e-03
-9.42547249433073e-03
-9.22419881285930e-03
-8.73053719338535e-03
-8.45179194937576e-03
-8.76897924924686e-03
-9.01675094282546e-03
-8.76290072566490e-03
-8.86086601067332e-03
-9.59439361423533e-03
-9.81943363445226e-03
-9.45328941743672e-03
-9.36433093743265e-03
-9.19399110196272e-03
-8.49956325803256e-03
-7.66599695352573e-03
-6.74799597756717e-03
-5.85089591427002e-03
-5.10215627388809e-03
-4.49582178178352e-03
-3.63013464171877e-03
-2.83846782781766e-03
-2.73607341927161e-03
-2.53178241731950e-03
-1.81330273707827e-03
-1.45003244244548e-03
-1.65350064046962e-03
-1.84427804162310e-03
-1.96637998702492e-03
-2.24419632208494e-03
-2.54366745825979e-03
-3.00652229269777e-03
-3.30488917122131e-03
-3.16845958714868e-03
-2.84889342969366e-03
