1.8569980277415e-03
 2.2425617810787e-03
-5.4673019604311e-03
-9.8951785456385e-03
-9.8443329312576e-03
-5.8841777189646e-03
 7.9392631656546e-04
 8.7628824244685e-03
 1.6478775013877e-02
 2.2491387347416e-02
 2.5439834897129e-02
 2.4201743613655e-02
 1.7264039560661e-02
 7.4669768573610e-03
-2.2454234646687e-03
-9.3872808961801e-03
-1.2603221142635e-02
-1.1564672304530e-02
-6.7812292916574e-03
 9.8817727955036e-04
 1.0141398981926e-02
 1.7785660921208e-02
 2.2118956595754e-02
 2.4357532650556e-02
 2.2237814765473e-02
 1.6610177677150e-02
 7.6501888167255e-03
-2.7526801188060e-03
-1.3502706656317e-02
-2.2498021233129e-02
-2.6567464249381e-02
-2.4130549994768e-02
-1.5337551755098e-02
-1.4734870987732e-03
 1.0920340160681e-02
 2.0271276542894e-02
 2.4424465562084e-02
 2.1898800723988e-02
 1.2989519098049e-02
 4.2660541555124e-04
-1.2186984712756e-02
-2.2626141905295e-02
-2.8803427564411e-02
-2.9961127966246e-02
-3.2790100429986e-02
-2.9323000591197e-02
-2.0951275376842e-02
-1.0019407306711e-02
 8.1243458974848e-04
 9.1726257783474e-03
 1.4024336640942e-02
 1.3592135770216e-02
 6.8172549661330e-03
-5.7424948923275e-03
-2.0824966418039e-02
-3.0991538484305e-02
-3.5753649928431e-02
-3.3950200461637e-02
-2.7998777440057e-02
-1.9461954802730e-02
-9.4459648968445e-03
 6.2855770246045e-04
 8.0976100894534e-03
 1.0700621559611e-02
 8.0351508359907e-03
 2.9779120895038e-03
-4.4316555183666e-03
-1.3051112080820e-02
-2.1152190720088e-02
-2.6383397627418e-02
-2.6313886584514e-02
-2.1113697374039e-02
-1.2170703172818e-02
-8.1874559286982e-04
 1.0637272171923e-02
 1.5348331247478e-02
 1.3620410251924e-02
 9.3975787833137e-03
 2.0047388471231e-03
-6.8879974861526e-03
-1.4870416065774e-02
-2.0052272270598e-02
-2.1329147320102e-02
-1.8707814320086e-02
-1.3176308251000e-02
-8.6057183329943e-03
 1.4536525324239e-04
 9.2105419685795e-03
 1.5725609469655e-02
 1.8404778511695e-02
 1.6154449151686e-02
 8.3508022468965e-03
-3.8400217353431e-03
-1.7090841882468e-02
-2.7723234710025e-02
-3.3505532587507e-02
-3.1841183107269e-02
-2.3446193934124e-02
-1.2325330257950e-02
-3.9247522141477e-04
 1.0125566790573e-02
 1.6776672688651e-02
 1.7247229092976e-02
 1.1140672975386e-02
 8.4501520919861e-05
-1.2502244900476e-02
-2.4239951304371e-02
-3.1866508159501e-02
-3.8212586223602e-02
-4.0057807712019e-02
-3.6519612072268e-02
-2.7669852739461e-02
-1.5749269431431e-02
-4.3045090121525e-03
 3.8283666420814e-03
 7.2431503775557e-03
 6.3012213037031e-03
 1.2043330517238e-03
-8.0620529379375e-03
-1.9456066430091e-02
-3.0393497662667e-02
-3.7854201632369e-02
-4.0073393200843e-02
-3.8125596240277e-02
-3.2270925087171e-02
-2.3494956645431e-02
-1.3735422198913e-02
-4.4846712076562e-03
 2.7096149207442e-03
 5.0689025607423e-03
 2.1026388858109e-03
-5.0880889837031e-03
-1.4387868703583e-02
-2.3154975020774e-02
-2.9462878158960e-02
-3.2252791461065e-02
-3.1231944472484e-02
-2.6421657855763e-02
-1.8481252161242e-02
-9.4220984565860e-03
-1.2151927772249e-03
 4.0506584002824e-03
 5.3067490594785e-03
 2.6056444802362e-03
-3.1568707495252e-03
-1.0909845879306e-02
-1.9189751715532e-02
-2.6152880748700e-02
-2.4976072140714e-02
-5.2340635635234e-03
-4.2893569492206e-02
-4.9988249223367e-02
-2.5437645381610e-02
-1.8197108275431e-02
-9.6518427325293e-03
-2.0415531269946e-03
 2.8363499157699e-03
 3.7432188042707e-03
 4.5733961314877e-04
-6.3022302299809e-03
-1.5158665138931e-02
-2.4046249221996e-02
-3.0915618067202e-02
-3.4054684137687e-02
-3.2750303790717e-02
-2.7333777407558e-02
-1.9106285149124e-02
-1.0009967298365e-02
-2.1168609709271e-03
 2.7389530211993e-03
 3.4036987676222e-03
-4.3112965989043e-04
-8.0580319269670e-03
-1.7942525601606e-02
-2.8009469714964e-02
-3.6072086014286e-02
-4.0312290347971e-02
-3.9661854932314e-02
-3.4116539165262e-02
-2.4607967873623e-02
-1.3002316134687e-02
-1.7611191205721e-03
 6.5928229902272e-03
 1.0200806394020e-02
 8.3668120977870e-03
 1.4713647442093e-03
-9.0422730994023e-03
-2.0897344945085e-02
-3.1416370626537e-02
-3.8215167033855e-02
-3.9889070896315e-02
-3.6021217091615e-02
-2.7176537378696e-02
-1.5096497867247e-02
-2.1690942024969e-03
 8.9527401359341e-03
 1.6081056132766e-02
 1.7816834246630e-02
 1.4023051826955e-02
 5.6687895267805e-03
-5.3060976434337e-03
-1.6393242087395e-02
-2.5070039633583e-02
-2.9289798778264e-02
-2.8025995068286e-02
-2.1564428337183e-02
-1.1395192858109e-02
 5.4208790518826e-05
 1.0222497656252e-02
 1.6965984373120e-02
 1.8893698648288e-02
 1.5807452880047e-02
 8.5061795441611e-03
-1.1259424973320e-03
-1.0787064586694e-02
-1.8237613268322e-02
-2.1797713670709e-02
-2.0779945926392e-02
-1.5647023244630e-02
-7.4868090070110e-03
 1.6242189242708e-03
 9.4274388001840e-03
 1.4027131674712e-02
 1.4223819188960e-02
 9.8192568280243e-03
 1.8787605741691e-03
-7.7526839898545e-03
-1.6817291852634e-02
-2.3283420154092e-02
-2.5608907045546e-02
-2.3302325362458e-02
-1.6927773745331e-02
-8.0393965877636e-03
 1.2008513100480e-03
 8.5590413233671e-03
 1.2326540655203e-02
 1.1440393887812e-02
 5.7737945607036e-03
-3.5920309834905e-03
-1.4751864469157e-02
-2.5155290156663e-02
-3.2465634535615e-02
-3.4917481741823e-02
-3.1880095724419e-02
-2.3992374985359e-02
-1.2842763268840e-02
-1.0239922631987e-03
 8.7644138729699e-03
 1.4310720819370e-02
 1.4459880621010e-02
 9.1580272048086e-03
-3.2906856811917e-04
-1.1874172050580e-02
-2.2948099006740e-02
-3.1011124217646e-02
-3.4280696552681e-02
-3.1887420683831e-02
-2.4282077894451e-02
-1.2882486585275e-02
 5.2039073974563e-05
 1.1881241111022e-02
 2.0271474542566e-02
 2.3647954949283e-02
 2.1691502124403e-02
 1.5106554752904e-02
 5.5278572686887e-03
-4.8461102973300e-03
-1.3716025510784e-02
-1.9060726118657e-02
-1.9648831933189e-02
-1.5158209529154e-02
-6.5582004583015e-03
 4.3270891699688e-03
 1.5228966753202e-02
 2.4094742264004e-02
 2.9210144261832e-02
 2.9774783708653e-02
 2.5855445865547e-02
 1.8478668006266e-02
 9.3829076387003e-03
 6.3200313793924e-04
-5.7022637426291e-03
-8.2315616476835e-03
-6.3493728616067e-03
-5.7796902035557e-04
 7.7079811994567e-03
 1.6659188831113e-02
 2.4219333348108e-02
 2.8631543054758e-02
 2.8925039970476e-02
 2.5048180334722e-02
 1.7869927223668e-02
 9.0466240226503e-03
 6.0675671943967e-04
-5.4824299380136e-03
-7.8331965245676e-03
-5.8743745160494e-03
-1.0285343559702e-04
 1.8954336399217e-03
-1.9577064639137e-03
-5.1115198264376e-02
-1.3449482873074e-03
 7.8449743958875e-02
 7.7573283137910e-02
 6.5643499667846e-02
 5.7287356817147e-02
 4.1882010599183e-02
 1.8208868951681e-02
-7.1318125336209e-03
-2.6236506476696e-02
-3.3214114302210e-02
-2.4558524240022e-02
-1.9375872150153e-02
-1.4956001780508e-02
-1.6267624706840e-03
 1.7706638722656e-02
 3.3705751014241e-02
 3.9427535080073e-02
 4.0351598650819e-02
 3.7239821137643e-02
 1.9518224384435e-02
-2.2679570880539e-03
-2.7174489839821e-02
-4.9438390225666e-02
-6.3830103091532e-02
-6.5755138004969e-02
-5.3687322602548e-02
-6.0512774933138e-02
-6.2535823732828e-02
-4.9900262086654e-02
-2.9987010270384e-02
-8.9329001423349e-03
 6.4278327863487e-03
 2.0119282114924e-02
 2.0405812863198e-02
-2.0500125954624e-03
-2.5847262426016e-02
-5.4520000415755e-02
-8.0087859332591e-02
-9.1887483884943e-02
-8.6675591597457e-02
-6.9543703152481e-02
-7.9663812512727e-02
-7.5345416688426e-02
-5.9497259978820e-02
-3.3151927940151e-02
-6.3260392109459e-03
 1.3212285506681e-02
 2.8506362192528e-02
 2.3047536899119e-02
 2.5118571917082e-03
-2.0473750542586e-02
-4.7263347220501e-02
-7.3022783279973e-02
-8.2520705712732e-02
-7.1248098539812e-02
-5.7615942693193e-02
-6.6066482147421e-02
-5.9480511479429e-02
-3.8849355888019e-02
-9.4422727067707e-03
 1.6304569716383e-02
 3.0645008572454e-02
 3.6086932510234e-02
 2.9365523678192e-02
 1.7707595989563e-02
 2.5463519259601e-03
-1.6349749060131e-02
-3.5098495980788e-02
-4.6040662943099e-02
-4.1680778657005e-02
-3.7558122607023e-02
-4.1278221281820e-02
-3.1841131494011e-02
-1.0773868540779e-02
 1.4255273347184e-02
 3.4464017354650e-02
 4.1472474856270e-02
 3.9179097991580e-02
 4.2721153807159e-02
 3.9290726672004e-02
 2.5313136277825e-02
 4.7572448821318e-03
-1.4915778992533e-02
-3.0274324144058e-02
-4.1749741637332e-02
-3.9015749873796e-02
-2.8790190835331e-02
-9.2959677770304e-03
 1.8146345107643e-02
 4.4138244854323e-02
 5.9048413430830e-02
 5.9540385805618e-02
 5.5642523571964e-02
 7.1763611675553e-02
 7.4477688199056e-02
 6.0255134948084e-02
 3.3395378690507e-02
 7.2972951055277e-03
-1.4197285411455e-02
-3.3309476907244e-02
-2.7770183302658e-02
-1.1386299166199e-02
 1.3157973682304e-02
 4.4898986890136e-02
 7.0703557861319e-02
 8.0008587872884e-02
 7.3026349079952e-02
 7.1902954449250e-02
 8.9650638484728e-02
 8.9672998694081e-02
 7.1119781949250e-02
 4.3312479258568e-02
 1.7337068983826e-02
-3.7382102516269e-03
-2.1937875819832e-02
-1.1234128354100e-02
 3.2652111480552e-03
 2.3416172128701e-02
 4.8216209276409e-02
 6.7679696426734e-02
 7.0714592610360e-02
 5.5634882440231e-02
 5.9918729682628e-02
 7.2532027214510e-02
 6.9596936196687e-02
 5.3528439018029e-02
 2.9328888277443e-02
 3.6448499363917e-03
-1.9194426274729e-02
-3.5960978380759e-02
-3.6763283946019e-02
-3.4672771219088e-02
-2.1699783032064e-02
-5.5726636825776e-05
 2.1000923522390e-02
 3.1937158768721e-02
 2.8401071173649e-02
 3.8278562632350e-02
 4.5011230456529e-02
 3.5303618643741e-02
 1.2096141070555e-02
-1.7490827336610e-02
-4.2484984903003e-02
-5.6725170584207e-02
-6.6227226015227e-02
-7.1654077638537e-02
-6.8497894394596e-02
-4.9245160977895e-02
-8.7277403172558e-03
 1.4941499464682e-01
 1.4855539145322e-01
 6.0348869837464e-02
 4.7415696342910e-02
 2.4725904657844e-02
 3.5176873059728e-03
-9.5311150134315e-03
-1.4875725244622e-02
-9.7124053956927e-03
 1.2040043892745e-02
 3.3940658195381e-02
 5.6779915926435e-02
 7.5860333019501e-02
 8.5106170218311e-02
 7.6898308430003e-02
 5.1097414248916e-02
 6.1199065383316e-02
 6.3402861556156e-02
 4.8225630197472e-02
 2.5698100783538e-02
 5.3133046763792e-03
-6.0559909237359e-03
-9.9912004168198e-03
-5.0392331908896e-03
 8.0075411026166e-03
 2.4268524429788e-02
 4.4466583831491e-02
 6.1236988197161e-02
 6.8160963746854e-02
 6.1078356192321e-02
 4.7662565019827e-02
 5.2953144237230e-02
 4.5179989547855e-02
 2.2679903744119e-02
-6.9644509736934e-03
-3.3003956539942e-02
-4.6061226560288e-02
-4.6192338380203e-02
-4.4736315137413e-02
-3.9190802021543e-02
-2.3987102495472e-02
-1.5531435267013e-03
 2.0391117556656e-02
 3.3823939808147e-02
 3.6803177105259e-02
 3.3565783978055e-02
 2.3274454974427e-02
 2.9068204919223e-03
-2.7813030697377e-02
-6.0432192658845e-02
-8.0956337552713e-02
-8.1671925961405e-02
-6.8690972961600e-02
-7.1642645141993e-02
-6.8732722542600e-02
-5.4339129309631e-02
-3.2867053347635e-02
-1.0683961994409e-02
 5.5911820652125e-03
 1.9195229657386e-02
 1.7304018543516e-02
 1.8046899979571e-04
-1.9870224264322e-02
-4.5471053623381e-02
-6.8554011971836e-02
-7.9346460706852e-02
-7.0964262367821e-02
-5.6066506700157e-02
-7.0454247722484e-02
-7.2689416103554e-02
-5.9580132881764e-02
-3.7678365955301e-02
-1.5536739144887e-02
 3.4567617273595e-03
 2.3585723011216e-02
 1.6285690319566e-02
-3.0964550471055e-03
-2.3259728059533e-02
-4.6376169629452e-02
-6.6286227805786e-02
-7.4233461106717e-02
-6.5236690700718e-02
-5.9116418389905e-02
-7.7291203683169e-02
-7.7818266671951e-02
-6.1149016637613e-02
-3.5786056629170e-02
-1.1748591107983e-02
 6.9686891718412e-03
 2.2729272312255e-02
 1.3115866523678e-02
-2.5276241091492e-03
-2.2385528878321e-02
-4.6001292612564e-02
-6.5427324599497e-02
-7.5415101856497e-02
-7.2186456928977e-02
-7.5449977701564e-02
-8.7330016463744e-02
-7.9262639186765e-02
-5.3260845654378e-02
-2.0373577038767e-02
 7.0619795179287e-03
 2.3469847485124e-02
 3.0729556087461e-02
 2.9677373076796e-02
 2.1452934840655e-02
 3.6834633494053e-03
-1.9724647613773e-02
-3.8836495711799e-02
-4.8364295938586e-02
-4.8128760420338e-02
-4.9652473880492e-02
-4.6147242761910e-02
-2.8247126925541e-02
 7.9817353987340e-05
 2.8931660114138e-02
 4.7444707821199e-02
 4.9839431158635e-02
 5.0060621764894e-02
 6.4437734222087e-02
 6.5855194400486e-02
 5.5465187632759e-02
 3.7405995092848e-02
 1.8867438124646e-02
 4.5100232959629e-03
-7.4778759358297e-03
-7.9775136675763e-03
-1.5376224575123e-03
 1.4019205965582e-02
 3.7482730391127e-02
 6.0661007178835e-02
 7.2414683274716e-02
 6.2658557550545e-02
 6.9472340569692e-02
 9.2989357590540e-02
 9.3222557714979e-02
 7.8962626036205e-02
 5.8375089934364e-02
 3.5440618327454e-02
 1.1613440565397e-02
-8.4858365504438e-03
-5.2049222002095e-03
 4.8775551597065e-03
 2.2766957486458e-02
 4.7367811142110e-02
 6.8920020032081e-02
 7.5118748102232e-02
-7.9379580413216e-03
-6.3074190932528e-02
