-6.85850166982748e-04
-2.67646614318965e-03
-2.10792640877811e-03
-9.85807872712172e-04
2.59279971461213e-05
8.02836673171487e-04
1.22924993494271e-03
1.29767395008659e-03
1.11642244633618e-03
7.69270667932877e-04
2.25341557646580e-04
-5.47546203880246e-04
-1.24483692282921e-03
-1.56911768206829e-03
-1.56472109472008e-03
-1.45188798106655e-03
-1.30444662947700e-03
-1.09742029370359e-03
-8.64206291550123e-04
-7.11517477341257e-04
-5.97971137190232e-04
-2.97483615347852e-04
1.34682394293758e-04
3.44724734830304e-04
2.75661878932803e-04
-1.30980196392271e-05
-2.02392025061219e-04
-1.57712848593181e-04
1.07915692511392e-04
3.75414526539621e-04
4.94271983929606e-04
5.77381856759896e-04
4.60241119340190e-04
-1.54142585285553e-04
-6.05737583030223e-04
-6.70858047927255e-04
-4.28601717586324e-04
-1.69416296400054e-04
1.62869379861966e-04
7.54744607099842e-04
1.38825845934471e-03
1.76840962122222e-03
1.75614860561654e-03
1.55616145927942e-03
1.74244978264884e-03
1.89851498346009e-03
1.86278713933241e-03
1.43574500269371e-03
7.73709089167048e-04
1.88319559753149e-04
-2.29279202430920e-04
-4.16105192928890e-04
-2.62656944398910e-04
4.24836825950659e-04
1.40066696352883e-03
1.79159675885404e-03
1.78887084070117e-03
1.69123352851521e-03
1.62062844701615e-03
1.43424002398307e-03
1.01413932610533e-03
3.98389951667540e-04
-1.41990168537480e-04
-3.97821711757095e-04
-3.69090981108635e-04
-3.08839933140065e-04
-1.17319034495681e-04
1.95352260156284e-04
5.25102686131213e-04
7.23497980492683e-04
7.14377029356591e-04
5.25131007719280e-04
1.05768184926479e-04
-5.84980778757574e-04
-1.36953371162894e-03
-1.57495341960299e-03
-1.33756262830270e-03
-1.06487646285903e-03
-6.44586102724656e-04
-1.98445429498569e-04
9.48016292357894e-05
1.79094573000124e-04
9.10801734388059e-05
-1.30161910930920e-04
-4.57276168425946e-04
-5.65456996741561e-04
-1.07756070839522e-03
-1.66270111838692e-03
-2.09048983394459e-03
-2.31563431342160e-03
-2.25178623342623e-03
-1.75447355498511e-03
-8.81716789017546e-04
-6.07259133037042e-05
3.62405738877584e-04
5.34614708546592e-04
6.66883373914369e-04
5.03914667007715e-04
-3.62084050433152e-05
-7.50074045554327e-04
-1.34186626029343e-03
-1.63622566386395e-03
-1.57252527288050e-03
-1.09950923912513e-03
-2.78036639596408e-04
4.32060915350188e-04
6.80851461380473e-04
4.63462758283594e-04
2.39683027149945e-04
3.53428571723248e-04
8.83256012293571e-04
1.24337615030405e-03
1.06685782221491e-03
7.04132174658098e-04
5.45095979272797e-04
6.39960990772823e-04
8.26954364264776e-04
1.06371245668776e-03
1.37022553492135e-03
1.45881956208182e-03
1.02836473817600e-03
2.28669184842078e-04
-2.16880045131293e-04
-9.68634280970492e-06
5.17560127823770e-04
8.79275465665185e-04
9.82034192372904e-04
9.62892136321592e-04
9.59749504515403e-04
1.15447091035680e-03
1.48995834506162e-03
1.82802712005223e-03
1.91240816565085e-03
1.49292599127923e-03
6.61603507556044e-04
-1.84240141794002e-04
-7.09278847495202e-04
-9.39295143581417e-04
-1.11809079671033e-03
-1.27638300444977e-03
-1.24485518949271e-03
-8.56279636176132e-04
-1.49626056639812e-04
7.09491436645019e-04
1.51102968427306e-03
2.04236930895024e-03
2.09220566445568e-03
1.58190634669714e-03
9.57069619022047e-04
2.54823537299284e-04
2.26793930411515e-03
1.45945075088419e-04
1.95888190374211e-03
2.60600164906043e-03
2.57224130868106e-03
2.00938942005163e-03
1.19580828371937e-03
3.72794398807579e-04
-2.92601462813146e-04
-6.95585625809459e-04
-8.65750551991322e-04
-9.89628621849570e-04
-1.13559296983272e-03
-1.05332025687369e-03
-4.63896430683752e-04
4.44938916502512e-04
1.19895293265146e-03
1.56335864408346e-03
1.62919656230960e-03
1.57750417370385e-03
1.50457892386923e-03
1.46512253742371e-03
1.49259672229038e-03
1.48963107435197e-03
1.19914814988186e-03
4.94967725261156e-04
-2.39608762207613e-04
-3.42737557418926e-04
2.27257265699190e-04
8.27894882086152e-04
9.73598307900462e-04
7.44156175031903e-04
4.91267538220226e-04
3.99936439486718e-04
4.58943562281775e-04
6.89111487922061e-04
1.08606436818870e-03
1.41147378569804e-03
1.30701235092422e-03
7.80440286132451e-04
3.92288984982106e-04
5.36593832426430e-04
8.21715441415790e-04
6.79319450758022e-04
5.63187188956444e-05
-6.69630031562624e-04
-1.16747378015632e-03
-1.37394135009942e-03
-1.34315296503287e-03
-1.04020502021570e-03
-4.93305266826449e-04
5.77155743034585e-05
3.51393938940464e-04
4.03918695957493e-04
4.36830276431095e-04
4.36832011757376e-04
1.67391563975642e-04
-4.06009935324591e-04
-1.04824890674998e-03
-1.50891162708124e-03
-1.70370670655964e-03
-1.66769573278327e-03
-1.39716123613809e-03
-9.31701520883345e-04
-4.20381217894139e-04
-4.32987754737618e-05
1.36394605078260e-04
1.69330878623583e-04
8.26550083145204e-05
-1.71968041696697e-04
-5.42928660061536e-04
-8.88439316879236e-04
-1.08162561123638e-03
-1.06450629273589e-03
-8.18533943062516e-04
-3.72112169785683e-04
1.68314814743308e-04
6.29268171973136e-04
9.06179802485757e-04
9.94901860640028e-04
9.10257750615071e-04
6.17714430102872e-04
1.41331662817567e-04
-3.76507177123297e-04
-7.61527358471692e-04
-9.08982332362819e-04
-7.64578977194860e-04
-3.02961235629701e-04
3.99258746847209e-04
1.12792220674876e-03
1.63268810689425e-03
1.87181287262287e-03
1.99734312228590e-03
2.03598927338934e-03
1.78021800190594e-03
1.15825509846757e-03
4.14326781365465e-04
-1.65107709721825e-04
-4.69565951658891e-04
-5.08998199757857e-04
-2.27104147040721e-04
3.72467056999546e-04
1.06006274220765e-03
1.52575516278325e-03
1.68322986997675e-03
1.75340250912796e-03
1.84757631210242e-03
1.72224573913645e-03
1.21845761606596e-03
5.74972561484799e-04
1.55623645388116e-04
4.78304990025177e-05
2.79657662638856e-05
-5.75283307782074e-05
-5.87539442516769e-05
1.48132294615654e-04
4.16412564734125e-04
5.23953805247684e-04
4.27384763045490e-04
2.42594331814681e-04
1.64056392290276e-06
-3.09935239992938e-04
-5.58135878707677e-04
-5.05201194088715e-04
-1.13612292563338e-04
3.25151014272643e-04
4.38284864666658e-04
2.22873960278355e-04
-1.51119431448835e-05
-1.20453273702326e-04
-2.18691069709864e-04
-4.83830659733959e-04
-9.23099005698000e-04
-1.44828380365157e-03
-1.93611314403183e-03
-2.21564477312399e-03
-2.09548768006131e-03
-1.52594491964096e-03
-7.45114539456374e-04
-1.05664416570730e-04
2.98184857617121e-04
6.27472771411134e-04
9.27795078401647e-04
1.01691573085082e-03
7.02327508232534e-04
-2.57524010970069e-05
-1.04012068610207e-03
-2.14843315532829e-03
-2.09653280360541e-03
-1.57539418751790e-04
-6.93567526475243e-05
3.97333289974480e-02
5.70000980867057e-02
6.03048228115887e-02
5.78541515851888e-02
4.80645051387753e-02
3.09144298223916e-02
7.41724096933492e-03
-1.69940644851775e-02
-3.57765070832799e-02
-4.63516147687644e-02
-4.86702436316560e-02
-4.27042457777425e-02
-2.86461461098891e-02
-7.32131814635527e-03
1.70361688665044e-02
3.73602436710395e-02
4.98822988418986e-02
5.45464380275335e-02
5.14985617262615e-02
4.01279095828315e-02
2.02655575594446e-02
-4.62566773556431e-03
-2.76825530945101e-02
-4.39730109257917e-02
-5.30079340551396e-02
-5.57708752887342e-02
-5.07863023726697e-02
-3.96108451881385e-02
-2.20839462417815e-02
1.35180639636372e-05
2.08920777690379e-02
3.47408247004911e-02
4.02090643331442e-02
3.69580811425193e-02
2.43173103384470e-02
4.60446424164573e-03
-1.82441117624111e-02
-3.73234166206734e-02
-4.92754972842323e-02
-5.52610808686025e-02
-5.67653025890321e-02
-5.15660875542530e-02
-4.15615983086627e-02
-2.58264373415143e-02
-5.43697482843880e-03
1.39423495772442e-02
2.66462653286466e-02
3.14640467592956e-02
2.76938533466138e-02
1.54912158611677e-02
-2.92083612141636e-03
-2.32672146838424e-02
-3.94706635435561e-02
-4.88140073523701e-02
-5.29978848137902e-02
-5.20155852031509e-02
-4.50421925378367e-02
-3.32696633528343e-02
-1.61518443865499e-02
3.90002707331263e-03
2.06180203175528e-02
3.01616290929833e-02
3.26141817663520e-02
2.80780233121130e-02
1.70171096180061e-02
7.58950600326039e-04
-1.75306801130630e-02
-3.29913235104179e-02
-4.23181033423841e-02
-4.53806769145941e-02
-4.25651257380782e-02
-3.44939960668251e-02
-2.10903551799575e-02
-3.11914377619570e-03
1.56155998208521e-02
3.01881491161124e-02
3.84455095469268e-02
4.07914812211794e-02
3.75780160298908e-02
2.86464297137936e-02
1.40960820718002e-02
-3.95870352933450e-03
-2.04431518652253e-02
-3.13797653016834e-02
-3.57603649512839e-02
-3.35887330706572e-02
-2.52870219058342e-02
-1.07405349406206e-02
8.28836173878570e-03
2.65929591824292e-02
4.00146614662606e-02
4.82147747688905e-02
5.15200200966458e-02
4.90579440121709e-02
4.21237604775800e-02
2.98359929699146e-02
1.19840089267006e-02
-6.67864042984682e-03
-2.08600666925506e-02
-2.85241326347299e-02
-2.83236319664413e-02
-2.11501062344093e-02
-6.78434877609630e-03
1.27496458854923e-02
3.11432669371641e-02
4.44184207848764e-02
5.31721937239801e-02
5.73070938827374e-02
5.53581783133264e-02
4.92713913252860e-02
3.71323262822427e-02
1.81557540557151e-02
-3.74050150459502e-03
-2.25693972316962e-02
-3.48619840001550e-02
-3.79234577924597e-02
-3.27951898180916e-02
-1.86689039499458e-02
2.39025961866820e-03
2.36797885018181e-02
3.99053383704361e-02
5.13101942589996e-02
5.65504712885796e-02
5.43387667895144e-02
4.61862765560910e-02
3.06887381035995e-02
7.77520247700851e-03
-1.76208755798934e-02
-3.84395872727644e-02
-5.06861866919554e-02
-5.44422673115926e-02
-5.00584406523899e-02
-3.68503643330656e-02
-1.49297164146640e-02
1.04331347967002e-02
3.17786745941901e-02
4.56500881957453e-02
5.17175336428264e-02
4.90845464032739e-02
3.81953743648354e-02
1.82499437264334e-02
-7.93690083202724e-03
-3.22292300765080e-02
-4.91247467308876e-02
-5.80205240671747e-02
-5.94847880688760e-02
-5.42367096832546e-02
-3.80275908881689e-02
-6.72028318698517e-03
4.58112769461201e-02
6.17654497180519e-02
3.72787513872382e-02
1.63236779418708e-02
-8.07206816392068e-03
-2.88056891462689e-02
-4.10063176651653e-02
-4.41852789173561e-02
-3.85663104255617e-02
-2.32546616155589e-02
-1.27574165921607e-03
2.24397962531928e-02
4.17170394042648e-02
5.38686791104922e-02
6.01783851272696e-02
6.15489493951285e-02
5.38677424457805e-02
4.04344040035959e-02
2.07041638044754e-02
-3.05721709603376e-03
-2.43070626331218e-02
-3.79237516699487e-02
-4.28105403113752e-02
-3.86772023760034e-02
-2.54566430205554e-02
-5.02732478892228e-03
1.82908132305372e-02
3.77744602825670e-02
5.02016342468661e-02
5.62007089098002e-02
5.55954906356584e-02
4.74474808788248e-02
3.29729687556381e-02
1.19318239120911e-02
-1.18501977843067e-02
-3.11152049043028e-02
-4.22971925586322e-02
-4.61231721191103e-02
-4.29364641682763e-02
-3.26709232617231e-02
-1.54069457973994e-02
6.36201830038925e-03
2.63238809496069e-02
3.92442549742522e-02
4.42510946794145e-02
4.18315124823910e-02
3.20209621631873e-02
1.49211276399773e-02
-7.05390074405413e-03
-2.71528601247430e-02
-4.02984739666334e-02
-4.68791745494230e-02
-4.84540622868521e-02
-4.43441693107311e-02
-3.49831733582401e-02
-2.00865558942562e-02
-1.34936314902336e-03
1.62921978250767e-02
2.77736384183683e-02
3.18646435188718e-02
2.78107995314011e-02
1.59933293289921e-02
-1.12376017828335e-03
-2.01548522952498e-02
-3.56042954878959e-02
-4.51847195494359e-02
-4.99865049377511e-02
-5.03893614228508e-02
-4.50405892100037e-02
-3.59329941377852e-02
-2.22205507165331e-02
-4.97884880626866e-03
1.12785527233852e-02
2.23387053652034e-02
2.69952342645383e-02
2.29543470873686e-02
1.16978258673303e-02
-4.34956862606858e-03
-2.20168632813913e-02
-3.65286938196474e-02
-4.57732919006153e-02
-5.06639934729418e-02
-5.08870634501974e-02
-4.57719032553232e-02
-3.71813164060776e-02
-2.37007933674695e-02
-6.21841022202422e-03
1.08619463104060e-02
2.31914133885749e-02
2.92333493803699e-02
2.69380998704162e-02
1.76983598851957e-02
2.38384515651449e-03
-1.58579681128534e-02
-3.15915813182627e-02
-4.20508624604389e-02
-4.74046637367861e-02
-4.78333045479164e-02
-4.37421313278519e-02
-3.49964493269071e-02
-2.02201046913367e-02
-4.27052050616301e-04
1.90279345991664e-02
3.32764669186886e-02
4.10827479904704e-02
4.21618116520386e-02
3.59989110840686e-02
2.18979313008749e-02
1.87245118428757e-03
-1.79492260832846e-02
-3.29191963429488e-02
-4.18938440069637e-02
-4.47109983224624e-02
-4.10902171831446e-02
-3.02566325731052e-02
-1.13586230560960e-02
1.18545837031636e-02
3.24616868388634e-02
4.72034674636437e-02
5.59545905803648e-02
5.71984173835936e-02
5.19542144417664e-02
3.96514965392852e-02
1.98665775785574e-02
-3.56512722550089e-03
-2.42008246344842e-02
-3.79280542161973e-02
-4.24704233937288e-02
-3.80238394196881e-02
-2.42076233436403e-02
-2.34045553197966e-03
2.17270035427731e-02
4.11823573160270e-02
5.47117037416895e-02
6.18845000429051e-02
6.11857520684085e-02
5.57500491851145e-02
4.33184578107525e-02
2.31057205038628e-02
-1.68127854742346e-03
-2.46013615240911e-02
-3.96588291798099e-02
-4.40323914739262e-02
-3.88753964479519e-02
-2.34723524264598e-02
4.41001321594473e-04
2.55378913549870e-02
4.46939851714788e-02
4.54743655527124e-02
1.12937586102974e-03
