-5.30330085889911e+00
3.14287908777976e+00
5.30330085889911e+00
-1.27147176078278e+00
-5.30330085889911e+00
5.30330085889911e+00
5.30330085889911e+00
5.30330085889911e+00
-1.09158704222972e+00
5.30330085889911e+00
5.30330085889911e+00
-4.95588205766963e+00
5.30330085889911e+00
-1.94391943975686e+00
5.30330085889911e+00
-5.30330085889911e+00
5.30330085889911e+00
-5.30330085889911e+00
-5.30330085889911e+00
-5.30330085889911e+00
5.30330085889911e+00
-5.30330085889911e+00
-5.30330085889911e+00
-5.30330085889911e+00
-5.30330085889911e+00
-5.30330085889911e+00
-5.30330085889911e+00
-4.85545212473450e+00
-5.30330085889911e+00
-5.30330085889911e+00
-5.30330085889911e+00
-3.10316008385663e-01
-5.30330085889911e+00
-4.64402597393925e+00
-5.30330085889911e+00
-1.55159671302334e-01
-5.30330085889911e+00
1.97582915272646e+00
-5.30330085889911e+00
5.30330085889911e+00
-5.30330085889911e+00
5.23294119441608e+00
-5.30330085889911e+00
5.30330085889911e+00
-5.30330085889911e+00
5.30330085889911e+00
-5.30330085889911e+00
5.30330085889911e+00
-5.30330085889911e+00
5.30330085889911e+00
-3.99321120504824e+00
5.30330085889911e+00
-5.30330085889911e+00
5.30330085889911e+00
-2.32298288481445e+00
5.30330085889911e+00
-4.08851490930897e-01
5.30330085889911e+00
7.23694877619549e-01
5.30330085889911e+00
2.18633442863513e+00
5.30330085889911e+00
3.35559017682677e+00
5.30330085889911e+00
5.01227658002384e+00
5.30330085889911e+00
5.30330085889911e+00
5.30330085889911e+00
5.30330085889911e+00
5.30330085889911e+00
5.30330085889911e+00
5.30330085889911e+00
5.30330085889911e+00
5.30330085889911e+00
5.30330085889911e+00
5.30330085889911e+00
5.30330085889911e+00
5.30330085889911e+00
5.30330085889911e+00
5.30330085889911e+00
5.30330085889911e+00
5.04721110244812e+00
5.30330085889911e+00
5.30330085889911e+00
5.30330085889911e+00
4.11280124083342e+00
5.30330085889911e+00
5.30330085889911e+00
5.30330085889911e+00
4.43284971864114e+00
3.24508867938958e+00
5.30330085889911e+00
3.83188422402352e+00
5.30330085889911e+00
1.50659219388578e+00
5.30330085889911e+00
1.12842727208436e+00
4.74404443807479e+00
4.22862491702497e-02
5.30330085889911e+00
-1.39451248667983e+00
2.09515385172060e+00
-3.24464776834645e+00
4.25639371295441e+00
-1.87801517588222e+00
-7.03075254890767e-01
-4.75527649494572e+00
-4.98734535519848e+00
-3.01873808170449e-01
-5.26964436330256e-01
3.20272238969318e+00
-3.49653674174183e+00
5.40264661883023e-02
1.19336537742100e+00
5.41014701708626e-01
3.71318111181207e+00
-2.73430793876223e+00
-5.08505346929319e-01
-1.66567193446567e+00
3.28714023420802e+00
1.45755613656463e+01
3.42478161116930e+01
-2.49046144922204e+00
8.23822930034954e+01
-5.40589788922377e+01
1.94349771114343e+00
-4.01189664752793e+01
-3.24349242764382e+01
-2.61381598309174e+01
-4.20212945147209e+01
6.14747328333421e+00
-3.38582995600117e+01
9.94356787091273e+00
-1.60110625640756e+01
3.00509414992125e+00
-1.94058758292926e+01
1.57999341872058e+01
-2.77227964461444e+01
2.24249713410777e+01
-1.58307330296257e+01
2.24772940349526e+01
1.17169039502138e+00
2.49917736342009e+01
3.28611742342354e+00
2.32327730073256e+01
5.50419091869020e+00
2.55571833915074e+01
9.49134852701732e+00
1.73235148452512e+01
2.21223023443580e+01
5.86422352387484e+00
3.06864647891686e+01
-6.13251831056121e+00
2.65786236452196e+01
-1.20288575813824e+01
2.03668670744596e+01
-2.79205154583584e+01
2.01226816173382e+01
-3.24184296784798e+01
5.81807438792442e+00
-3.83836944806154e+01
-1.28067236198698e+01
-2.34314502976631e+01
-3.04553898343048e+01
3.15382667624657e+00
-4.94973242180108e+01
2.35349709705692e+01
-2.54831411558538e+01
2.54367932254130e+01
7.21867036319767e+00
2.07054857464140e+01
2.13020188939341e+01
1.14868600663320e+01
1.13523244355345e+01
-2.50568249022478e+00
4.34949860829952e+00
-2.21681441761001e+01
2.31219180236262e+00
-7.23923431800279e+00
-2.10633343735541e+01
