0.00000000000000e+00
0.00000000000000e+00
-1.14427011910351e-02
-1.17320469262428e-02
-1.17347485228646e-02
-1.11969988307706e-02
-1.15991169480306e-02
-1.29394568021136e-03
2.62524025561260e-03
5.08501679646365e-03
-5.09876723955337e-03
-1.09391944923922e-02
-1.14580528893633e-02
-3.60679036880317e-03
-7.75681199715411e-03
-1.15101574700893e-02
-1.00597271550992e-02
-1.01865971763156e-02
-1.78578349502513e-03
3.51209696691184e-03
9.05657673043941e-03
8.80081750609931e-03
1.85129285168190e-03
-1.34266782308348e-03
-9.13540306949328e-03
-1.15610549421253e-02
-9.67223447558811e-03
-1.15949718133341e-02
-1.14085451054396e-02
-1.17332666396252e-02
1.29104699663927e-05
4.90331483253780e-03
4.87676684086521e-03
7.06490277350765e-03
1.07621836271938e-02
5.41967076520438e-03
2.66344313818282e-03
-8.69980902486275e-04
-3.52580861401308e-03
-1.06532451753791e-02
-1.16943082798862e-02
-9.13418741241768e-03
-7.45744003228056e-03
-5.11370877215877e-04
6.92516647439210e-03
1.09004747315839e-02
1.15989133738416e-02
1.16776357823702e-02
1.17377733958469e-02
1.12568244603227e-02
1.14220807675789e-02
4.20563700695262e-03
1.09884062335190e-03
2.85226128195192e-03
5.64095806175233e-03
4.13830673837335e-03
1.00347822455936e-02
1.15656083725647e-02
1.15329593609264e-02
1.15355185061362e-02
1.15793359525087e-02
1.16472403473396e-02
1.17218509808345e-02
1.17584744828946e-02
1.17806592190855e-02
1.17836150892420e-02
7.21083834935139e-03
4.22229735426746e-03
1.17849343025481e-02
5.82549076957519e-03
1.16888240103760e-02
1.16177573955332e-02
1.15584493039722e-02
-4.22538605105034e-03
1.15323687999157e-02
1.15709378585161e-02
1.12824503182184e-02
1.17146445522301e-02
1.17696233088367e-02
1.02273153497745e-02
6.23899528412354e-03
-5.90796070525536e-03
-9.25214454332435e-03
-1.73275379023698e-04
7.50305897219977e-03
1.16991806092445e-02
1.16264429932456e-02
1.15631988694824e-02
1.15256513969594e-02
1.15205403043701e-02
1.08618109129491e-02
6.62839433876384e-03
-2.20817383259745e-03
-7.88162161692077e-03
-9.80127517814019e-03
-6.49923363044895e-03
-4.92920589539190e-03
5.77313016040849e-03
3.30225155794959e-03
7.83017708517673e-03
1.17646691151342e-02
1.16274676317002e-02
1.15518953999252e-02
1.15052875483191e-02
1.14681142524941e-02
5.37416619525788e-03
-1.74407614298480e-03
-1.02655054835331e-02
-1.08087666724234e-02
-1.03406875258075e-02
-1.06849951322189e-02
-5.18837661931863e-03
-1.65338042632199e-03
6.24340472053269e-03
6.08224717329342e-03
7.72840173621534e-03
1.12744938872272e-03
2.57995412165956e-03
4.25408276639276e-03
-6.42826068532057e-03
-9.99485572826603e-03
-1.14621559306842e-02
-1.17051111340773e-02
-1.12715531709766e-02
-1.15775378607638e-02
-1.05963222943828e-03
6.51530271055374e-03
4.18047274766401e-03
5.73440736901451e-03
3.92497455606255e-03
2.85645477365875e-03
-7.85107136279626e-03
-1.06965124214949e-02
-1.17674306245360e-02
-1.17192706364073e-02
-1.17373727519012e-02
-9.79718832857452e-03
-7.98467732897515e-03
3.27928095634872e-03
8.97792902384416e-03
6.30013989685058e-03
8.80296370116113e-03
3.85571380940767e-03
-2.12480887986170e-03
1.70121219845640e-03
-1.17109695872502e-02
-1.00775246688261e-02
-1.17681599048735e-02
0.00000000000000e+00
0.00000000000000e+00
0.00000000000000e+00
0.00000000000000e+00
8.87285752788438e-03
1.14124299674353e-02
1.17343331662783e-02
1.16539466118921e-02
1.06075168241114e-02
1.17505292582232e-02
9.75532602645460e-03
1.11687982521450e-03
-1.16955083308886e-02
-1.16362445858122e-02
-1.11186403904064e-02
-6.87554384708261e-03
1.42166150692500e-03
1.17524711938109e-02
1.17347200644407e-02
1.17258899705517e-02
7.03886684765596e-03
1.17733426012258e-02
9.88290994945460e-03
1.00327112442060e-02
-3.14346742345431e-03
-6.58637805541358e-03
-1.03119155952851e-02
-6.20463252862495e-03
3.93600642811313e-03
1.10529588178058e-02
1.17270439656848e-02
1.17271312883192e-02
1.17311060086162e-02
1.17376504443507e-02
1.17451940092499e-02
1.17604025621571e-02
1.13227114436128e-02
3.64026788633708e-03
4.07466236596519e-03
3.85034990621901e-03
-3.83794805040767e-03
5.76152489776291e-03
1.13012860490328e-02
1.16052681109507e-02
1.16525402143750e-02
1.11301978892682e-02
1.16087428134692e-02
1.17467330835550e-02
1.17573488795069e-02
6.75431084151728e-03
-1.41479696700710e-03
1.46755299216701e-03
6.15451330987832e-04
2.65348179900909e-03
8.07873533275658e-03
1.05615626625501e-02
1.13502064818423e-02
1.15565955548718e-02
1.15257107243318e-02
1.15863089213770e-02
1.00946286246613e-02
1.16485247548587e-02
4.74773104963474e-03
-1.54009926073697e-03
-1.15064899733172e-02
-1.10552911731216e-02
-1.14923280729053e-02
-1.16725663502439e-02
-8.93928226303320e-03
-1.34157067466291e-03
5.04811668877735e-03
3.60735481234110e-03
1.12209868759187e-02
1.12077231654639e-02
1.15230512587794e-02
4.34470684299174e-03
1.11848858069732e-04
-9.93583542685550e-03
-1.11931962250316e-02
-1.15049747413718e-02
-1.14917104079062e-02
-1.15121364651780e-02
-1.15694823176899e-02
-1.10545540358213e-02
-2.29257171568812e-03
6.78122507091702e-03
1.14212353082941e-02
1.14131266976584e-02
2.27133181720504e-03
-9.72201827941797e-03
-1.17769434489632e-02
-1.17077877346123e-02
-1.16814186508074e-02
-1.16022698530114e-02
-1.15463943202466e-02
-1.14966292116821e-02
-1.16599378187423e-02
-1.02246362471161e-02
4.70078168465658e-03
-6.52549462733410e-04
3.68477615633895e-03
2.72656580436649e-03
-3.71498108625719e-03
-7.18345564345667e-03
-6.59730912963280e-03
-1.17731174729266e-02
-1.17316990924327e-02
-1.16319389055176e-02
-1.15545190018503e-02
-1.15139777330479e-02
-1.14093106496997e-02
-1.84002015908810e-03
5.05421165290564e-03
9.17289222838913e-03
2.34428293949029e-03
-1.34703122301172e-03
-2.10762675681768e-03
-8.52674791579002e-03
-1.17732251738868e-02
-1.17597240150282e-02
-1.17556391324044e-02
-1.17552925782692e-02
-1.17817355001907e-02
-9.73488240721085e-03
-8.09859733036841e-03
1.95207457723123e-04
1.14286475224675e-02
1.11272118129570e-02
1.06832357683486e-02
5.18783374278579e-03
-2.99947858921417e-03
-8.88474610185313e-03
-1.17658394837060e-02
-1.17482131101148e-02
-1.16072670893702e-02
1.89720092694072e-03
1.84956909148452e-03
1.14812601134349e-02
1.05200409219413e-02
1.14422989385569e-02
1.17152709083302e-02
2.35625298684365e-03
2.04109798340506e-03
-1.05608804559936e-02
-6.69787438621311e-03
-1.16045029391714e-02
-1.17748176903178e-02
-1.17566251116830e-02
-7.47433858652559e-03
7.15966187858360e-03
0.00000000000000e+00
0.00000000000000e+00
0.00000000000000e+00
0.00000000000000e+00
-1.17258313325645e-02
6.05749236481447e-03
1.09187768601354e-02
1.13522281623967e-02
8.72827405066198e-03
-3.61523883472789e-04
-9.00597898248176e-04
-1.75498494099510e-03
9.82943997655958e-03
5.98387334202497e-03
-4.87746697406189e-03
-1.16368818493056e-02
-1.14358789847402e-02
-1.17283297858190e-02
-1.17456316400714e-02
-1.35621126179269e-03
1.11280808026942e-02
9.50588010325726e-03
1.17440738047195e-02
7.03960477811581e-03
3.92692077418281e-03
3.99053873264659e-03
7.89450769836790e-03
1.07248005521992e-02
-4.82959154260127e-03
-1.16608297052688e-02
-1.17708396555240e-02
-1.17271471689177e-02
-1.16711440005093e-02
3.67878376330692e-04
1.17783515827277e-02
1.17511807472631e-02
1.16755781851349e-02
1.61264757360509e-03
-3.07652084663742e-03
-1.18226506263152e-03
4.94040801353217e-03
1.55904799177145e-03
-3.04126548689670e-03
-1.17515068007221e-02
-1.14433137830681e-02
-1.16262557686852e-02
-8.07828430504483e-03
7.30716552089180e-03
1.17571549154347e-02
1.17557200132207e-02
1.17035339614871e-02
6.99670919283709e-03
-2.64056391422809e-03
-1.85727539787682e-03
-5.19611192483317e-04
7.89080533645612e-03
1.13298288916013e-02
-5.93525345881129e-03
-1.15403796256002e-02
-1.14979583041003e-02
-1.15665145686661e-02
9.73194849407247e-04
1.17209983023143e-02
1.16627313256615e-02
1.16717407290290e-02
1.09529300068318e-02
-4.51298745371482e-03
-1.16545894093321e-02
-1.16706579295458e-02
7.32001631716303e-03
4.56496009652838e-03
3.40596242028906e-04
-1.14446589941852e-02
-1.15718421403598e-02
-1.02565022457861e-02
7.47007515703079e-03
1.15313575067100e-02
1.15892131534136e-02
1.15199966953318e-02
1.93402099906351e-03
-1.15416905808071e-02
-1.17263401695957e-02
-1.15202884212439e-02
-6.66081835753356e-03
-7.35302008581102e-03
-7.79657558797413e-03
-1.15950438636930e-02
-1.17844232848547e-02
-3.77843637769073e-03
9.40318863252448e-03
1.15219145599707e-02
1.17114117301187e-02
1.17285440868207e-02
7.75981509552654e-03
-1.13931802548395e-02
-1.15099344776198e-02
-1.15327550806319e-02
-9.40313915342720e-03
-8.27266004281006e-03
-3.60533301206863e-03
-6.70617227446938e-03
-7.35117419327727e-03
2.80797786413136e-03
1.14945070180804e-02
1.17091647581732e-02
1.17721548071796e-02
7.20843505841485e-03
-1.04919973560941e-02
-1.09641562188464e-02
-1.16382078572271e-02
-1.14952525520818e-02
-1.17042106599960e-02
-8.29698636314043e-03
-1.18552087603713e-03
4.45475213580193e-03
5.30557615083019e-03
-2.07465025740920e-03
2.02365645429966e-04
4.98548783445037e-03
3.31793166637223e-03
3.70536851330521e-03
-8.86004310940026e-03
-1.15926796878509e-02
-1.17292916440381e-02
-1.17439457312501e-02
-7.80247160319184e-03
-4.03961630045213e-03
-1.92975832853762e-03
1.90960148851620e-03
8.01785166751859e-03
9.67910318554458e-03
9.85953001882165e-03
1.17613989515708e-02
1.17796253161910e-02
1.03315562281672e-02
1.15166986145049e-02
-4.18520586551921e-03
-1.17204026262669e-02
-1.16756918242336e-02
-1.14858559278056e-02
-9.37688926702249e-03
-4.25292157112014e-03
-1.92480033246708e-03
1.10216130039520e-03
6.33936030337887e-03
1.17459263960038e-02
8.92482865051865e-03
1.05775030381890e-02
1.15340453049810e-02
1.99503164479625e-03
0.00000000000000e+00
0.00000000000000e+00
0.00000000000000e+00
0.00000000000000e+00
-1.17400733629468e-02
-9.75432827915595e-03
-1.17392403923264e-02
5.52154029451268e-03
1.06542921882726e-02
1.09388097206610e-02
5.06303027638598e-03
2.10099302837459e-03
1.01213621499229e-02
1.10724399358829e-02
1.13090551652836e-02
1.15633184704457e-02
6.40760976134866e-03
-1.17672266666330e-02
-1.17319799850265e-02
-1.17308782439067e-02
-1.17237156502370e-02
-1.17368410592038e-02
-1.56116929023572e-03
6.91568986039313e-03
-3.71021135116528e-03
-4.88445048867055e-03
9.15941975703125e-03
1.16860576294467e-02
1.17284809822513e-02
1.17362933758708e-02
9.42156251025061e-03
-6.34608694872565e-03
-5.89757029968562e-03
-1.17397777332743e-02
-1.17180254828499e-02
-7.55070780272487e-03
8.05744433821550e-03
1.09114565965984e-02
6.19001697309268e-03
-3.02161502116435e-03
4.58988812129035e-03
1.15778333335199e-02
1.16417611513353e-02
1.15929746378808e-02
2.86930124933865e-03
-9.54580790673069e-03
-1.17387264425801e-02
-1.17065074272977e-02
-1.15965768664780e-02
-1.11332794747394e-02
5.57689400944608e-03
1.15139667527451e-02
9.52762864343092e-03
-1.31703722003471e-03
-6.71871246666415e-03
-5.03944158239857e-03
7.62109489665266e-03
1.06680717015689e-02
1.17518235592320e-02
-9.75586457466223e-03
-1.12836817703803e-02
-1.15503946068570e-02
-1.15815255323582e-02
-3.79559559265129e-03
1.17814203418894e-02
1.17405644264538e-02
1.14730029170809e-02
4.36885136045376e-03
-4.63937747588138e-03
-4.44747130852875e-03
3.68620647940089e-03
5.80892162238181e-03
4.84891958667570e-03
-1.15136023162217e-02
-1.14536206166995e-02
5.29250948925875e-03
-1.16209217208739e-02
1.12104221106651e-02
1.16556764426304e-02
1.16835324813154e-02
1.15049937452697e-02
9.70580438978891e-03
-1.16181858238065e-02
-1.14450823579544e-02
-7.51545937335839e-03
6.60843999618003e-04
-6.74737293431185e-03
-1.14244955925880e-02
-1.15399008157481e-02
-1.08577523579807e-02
-1.17762288978992e-02
-1.15955940533133e-03
1.15668740100026e-02
1.14875277085118e-02
1.17074326919158e-02
8.89763626899726e-03
-2.47619081293850e-03
-9.88933990883093e-03
-1.54000274906810e-03
1.00186552903182e-03
1.60510495657326e-03
-4.67781611003363e-03
-7.27931449240139e-03
-6.46707158397942e-03
8.62841722596198e-04
1.14805883669124e-02
1.14285796160674e-02
1.16848597735878e-02
1.17236840910011e-02
2.13014068440802e-03
-1.17846075437455e-02
-1.16533014528216e-02
-1.02724796631077e-02
-1.10788169100122e-02
-5.77408417837142e-03
-6.25962348814126e-03
-1.14712862712708e-02
-1.17780331771510e-02
1.70579335780101e-03
8.67869399455688e-03
1.17534107723062e-02
1.17149372615116e-02
3.03643370159090e-03
-2.91412121391156e-03
-1.15506828746509e-02
-1.08110626729742e-02
-9.66998929197690e-03
-1.16276388992489e-02
-1.00413634119836e-02
-3.45385981358698e-03
-6.12436620706282e-03
-7.89011665406710e-03
-3.80266618483822e-03
4.14000920008939e-03
1.12161248377531e-02
1.17490278717404e-02
1.17744658927515e-02
1.01167896790634e-02
5.76736567354333e-03
-1.60253775922687e-03
-1.16948482256449e-02
-6.24886413438327e-03
-1.01501312334552e-02
-1.00108471753284e-02
-1.17839388030215e-02
-4.56890614312243e-03
6.04719011625616e-03
1.17599984250209e-02
1.17693755326392e-02
1.17626327049690e-02
0.00000000000000e+00
0.00000000000000e+00
0.00000000000000e+00
0.00000000000000e+00
6.74995502022699e-03
-1.17235900919362e-02
-1.17328304175812e-02
-1.04435562256469e-02
-1.88261448681163e-03
-6.03982015651940e-03
-4.42873154382927e-03
-6.59802289320045e-03
-3.21402665860660e-03
-6.49784281302071e-03
-1.16082594490529e-02
-1.16692818931185e-02
-1.16126836939296e-02
-1.15911258968200e-02
-6.61495180410570e-03
-9.65600940535528e-03
-8.75564594270485e-03
-1.11207869526342e-02
-1.16251289761367e-02
-4.12036190957820e-03
-1.80936749939727e-03
5.71921174491107e-05
7.34668776242000e-03
4.76769180753469e-03
1.06603553522084e-02
1.06822642444783e-02
8.48451181975463e-03
-9.16507505922041e-05
-5.12568232246723e-03
-7.35105997273502e-03
-1.17372175462727e-02
-1.17803253088687e-02
-7.64346471605548e-03
-3.78073658158713e-03
1.35485049862834e-03
6.92208193064799e-03
6.01876855834286e-03
1.08528077607137e-02
1.16017895074599e-02
1.16178945918885e-02
9.93307045107326e-03
1.15565938743863e-02
1.08689231047916e-02
1.15344768913504e-02
1.15370154582964e-02
1.11568996507899e-02
3.60362806671520e-03
4.04977449075920e-03
-2.25694742192918e-04
-7.07729004454675e-03
-8.31590679719020e-03
-4.55604174224508e-03
-3.28247934052199e-03
6.39559360461563e-03
1.15230714885499e-02
1.15032578120261e-02
1.15160082581836e-02
1.15375135831655e-02
1.15691943413827e-02
1.16135782270679e-02
1.14126291532910e-02
1.14640148131235e-02
1.10036875668236e-02
2.54723377226841e-03
-1.16351861799811e-03
-8.83038370146891e-03
-1.16155494021813e-02
-4.61925059187748e-03
1.14839201822202e-02
1.12939023845608e-02
1.14375436407622e-02
1.14761838821211e-02
1.15185583507597e-02
1.15705379940061e-02
1.16354683795932e-02
1.16750804436380e-02
1.14771149605831e-02
1.15562291556099e-02
1.16464260854980e-02
1.15813987176443e-02
1.01255029082087e-02
6.44049087573855e-03
1.02402631717331e-02
1.14457889304940e-02
1.14181837017943e-02
1.09794040558767e-02
1.14591559504096e-02
1.15030245566984e-02
1.15641270264124e-02
1.16359324614597e-02
1.14365925645251e-02
1.15175959882934e-02
1.11587500411304e-02
1.16849349945032e-02
6.00925761975377e-03
-2.35190990302655e-04
-7.77817752813543e-03
-3.29823544702367e-03
5.28636960961276e-04
4.30202342113185e-03
5.73889859008451e-03
1.15248847420405e-02
1.14932317810918e-02
1.13282564713276e-02
1.08325007080261e-02
1.11609928982671e-02
1.15272311035698e-02
1.00448551814177e-02
5.71690680960590e-03
6.35517128482880e-03
1.62290903373462e-03
-5.30188673370679e-03
-9.54846842571596e-03
-1.17764075027919e-02
-8.18778294942742e-03
-2.34234874105986e-03
-1.70132853962800e-03
-8.85531310790851e-04
6.24374727040662e-03
7.66463382967249e-03
3.63947918105344e-03
-8.35464645819293e-05
-1.66781659034255e-03
-2.00653418189507e-03
-4.55161122678496e-03
-6.36956312724097e-03
-9.21655748434291e-03
-7.31242053365100e-03
-1.01835456160211e-02
-1.17602837841221e-02
-1.17564325390199e-02
-1.17080968290086e-02
-1.17545949121575e-02
-1.17563503053251e-02
-1.12536777641033e-02
-1.09336099433285e-02
-1.15400684860051e-02
-6.81857999374725e-03
-1.85058867689342e-03
-1.83318634043765e-04
-5.55955148834839e-03
-7.05687611827547e-03
-1.17683402633727e-02
-1.17584680049281e-02
-1.17619516366652e-02
-8.71346295236344e-03
0.00000000000000e+00
0.00000000000000e+00
0.00000000000000e+00
0.00000000000000e+00
-8.88587221634865e-03
-9.19359734477231e-03
-1.17368363577329e-02
-1.16602530029202e-02
-1.13760451029092e-02
-1.03009519323727e-02
-9.46637788057488e-03
3.04639555382276e-03
7.69285636349915e-03
9.25626479009380e-03
1.15124871975596e-02
1.17420417314575e-02
1.17413954698096e-02
1.17458772576426e-02
1.13307238983569e-02
1.15172394075791e-02
7.75351690656048e-03
6.64927635430087e-03
4.91099538283197e-04
2.05884242925044e-03
2.18435189787955e-04
1.52748025777363e-03
9.52764025137087e-03
2.86510009162597e-03
5.72416295792985e-03
8.30543138956458e-03
1.17284948653376e-02
1.15588235079562e-02
1.17303977507862e-02
1.17368419786320e-02
1.11810442266480e-02
1.16393479484681e-02
1.08591573751358e-02
3.10465635037252e-03
3.66734956030499e-03
-8.60654675082517e-04
3.11190424199366e-03
1.02110243614506e-02
8.63632261401215e-03
8.23980976225559e-03
1.17521518126861e-02
1.17309322708168e-02
1.17361315897633e-02
1.17462471043658e-02
1.17529097068830e-02
1.17591169688321e-02
1.17643949812861e-02
1.04707173413213e-02
1.17485222616986e-02
2.34797486837063e-03
9.18579213435946e-04
-9.43950757086155e-03
-7.22082243151256e-03
-1.06402708222823e-02
-1.07920549728466e-02
-3.02244741579996e-03
-1.59036100834235e-03
8.00131667773496e-03
7.65808346582800e-03
1.12067917918222e-02
1.17721472844784e-02
1.17754116827147e-02
1.17724880845646e-02
1.17737570767747e-02
1.14059589547983e-02
5.81354486018195e-03
-2.00665542711503e-03
-1.15542966115488e-02
-1.15886511885867e-02
-1.16416254445605e-02
-1.17049627915166e-02
-1.17156885307757e-02
-1.17788154257289e-02
-1.84890400299340e-03
1.27297838318341e-03
1.17013435998379e-02
1.15660194102776e-02
1.17789331020200e-02
1.17829111533981e-02
1.14506325162815e-02
4.20431018892266e-03
-3.59177375376994e-03
-8.31363902602785e-03
-1.16179765791924e-02
-1.16819060089159e-02
-1.17509237595596e-02
-9.70580550234179e-03
-1.17329109419370e-02
-1.17556945247136e-02
-1.15827276492422e-02
-1.08867016161618e-02
-8.80125927333420e-03
-3.30726686225444e-03
-5.33181135220537e-03
-3.30923892008614e-03
1.25097510668284e-03
-3.91613585420984e-03
-6.24320805528890e-03
-7.60195660528235e-03
-1.17209294102013e-02
-1.15003194619841e-02
-1.16465393428118e-02
-1.17143497760381e-02
-1.17534508834641e-02
-1.17382919864056e-02
-1.16807527197951e-02
-1.02674718143697e-02
-9.48116089851810e-03
-1.12731334603296e-02
-4.04659286305507e-03
-8.01441634388726e-03
-7.73391296387725e-03
-6.64299286139738e-03
-7.85235298133190e-03
-2.41292975804733e-03
-1.17454503345772e-02
-1.14963148763298e-02
-1.12106270575486e-02
-1.16423963251943e-02
-1.17313090997818e-02
-1.17063592429528e-02
-1.14970439278394e-02
-1.07209727554129e-02
-1.08897073420092e-02
-8.56730631144726e-03
-3.93479481800440e-03
-5.39738022363241e-03
-4.09178965108106e-03
-4.35320313737983e-04
5.08650284638222e-03
4.51178160449960e-03
1.06723843671574e-05
3.73695331128151e-03
6.53412015702601e-03
1.46447113787736e-03
-2.90608032481887e-03
3.37671445266868e-03
4.95283203408223e-03
7.15660553105270e-03
6.15969022029821e-03
3.78054129884887e-03
6.92280905317017e-03
8.35516683740870e-03
1.17274258166301e-02
1.16204732672854e-02
1.14912824948047e-02
0.00000000000000e+00
0.00000000000000e+00
0.00000000000000e+00
0.00000000000000e+00
-3.80318537029555e-03
-1.62110814405918e-02
-7.42357451741146e-03
7.83234052323901e-03
1.64164943466837e-02
1.66691450059321e-03
-3.72970115603721e-03
8.27419580055237e-03
-1.25287050320837e-02
1.14312465324215e-02
-8.17953902302589e-03
-7.11060551368137e-03
-1.40501887712460e-02
-1.66298862070225e-02
-1.43422853897037e-02
4.89082224125013e-03
-1.26168714260842e-02
6.38842672497930e-03
-7.83309657548311e-03
6.85444014761804e-03
5.15368757835161e-03
-2.50553632858619e-03
1.34651139969826e-02
8.24760581634255e-03
-1.43471984361408e-02
6.42347781074821e-03
-2.41464858865010e-03
-1.14913756227959e-02
-7.37294203604160e-03
-8.64768750454493e-03
-5.80797814448377e-04
7.96774529934685e-03
1.38368878333840e-02
-2.63180168790704e-03
5.58907778681656e-03
3.40107181943290e-03
-6.66010665329660e-03
-7.26707910854264e-03
-5.22791488049620e-03
3.71843302068678e-03
9.85718295103908e-03
-3.96848881767234e-03
7.62782531249233e-03
-8.67238681961741e-03
-1.13544549720988e-02
-5.08654884784994e-03
1.34064884645141e-02
4.14833301640685e-03
-1.69430913297928e-03
1.58420237082479e-03
6.56230472571842e-03
1.57534024011079e-02
-8.93682173434823e-04
-1.21528169863659e-02
-1.03681913085505e-03
2.69455504422349e-03
6.29218220594042e-03
8.81277770042512e-03
-1.35419444666232e-02
-1.38815469474575e-02
3.91834030010019e-03
9.91103919618232e-03
3.11020021962301e-03
6.22494185801441e-03
1.65725365800120e-02
-1.22167419034471e-02
1.47600042667489e-02
-7.38386280624752e-03
1.47952654225507e-02
3.20618195293767e-04
-7.82012923452855e-03
5.01008098026445e-03
1.08154500870235e-03
8.70162339899390e-03
9.17974675043903e-03
4.57819708202022e-03
7.34215151354868e-03
5.55106401153015e-03
-2.55051021959843e-03
3.21951725098648e-03
6.86148789178634e-03
-3.54745013567273e-03
1.24867432904656e-02
-1.17320803786086e-03
1.21518175265669e-02
-7.73861934442575e-03
1.20155791206747e-02
-1.33750278950182e-02
-4.77775835595398e-03
7.82339490797843e-03
1.25208307496820e-02
-4.73048911084817e-03
2.91279529880838e-03
4.88127013294051e-03
1.45161076621841e-02
1.83727430502172e-02
9.94000536115588e-03
-3.88006360357588e-03
1.52976047879586e-02
2.91964939472678e-03
-1.31143992039116e-02
-1.06815052266381e-02
7.98375716247688e-03
-1.27844133531752e-02
-1.30850520399087e-02
8.74543204058446e-03
3.98795581512303e-03
6.86615691725738e-03
1.51787078793711e-02
1.13403645133576e-02
3.36975522889020e-03
1.73480975805353e-02
9.88669964458545e-03
-8.70624247363247e-03
-1.46973547756037e-02
2.99865919452539e-03
-3.83735245954110e-04
-6.81632643535712e-03
-3.34905005976419e-03
-1.83254611546998e-02
-6.22766680601901e-03
1.21616192487747e-02
9.67513378931284e-04
1.25466245189308e-02
1.18165750605857e-02
-3.25411069352465e-03
1.61973921112648e-02
-1.94050922338141e-04
1.32906139995548e-03
-1.03879307229344e-02
-1.63706848755119e-02
5.39726111160397e-03
7.21849210983064e-03
-4.23265512954609e-03
-1.90148840100989e-02
3.91490671367646e-03
1.52359096184876e-03
7.63139335247644e-03
2.03344740195047e-02
8.00631187756669e-03
1.55000630345024e-02
-8.85343505972929e-04
4.32596554758222e-03
-5.83193673178853e-03
1.04179446614042e-02
-1.41666579403628e-02
0.00000000000000e+00
0.00000000000000e+00
0.00000000000000e+00
0.00000000000000e+00
2.70230581960857e-02
9.39691791307592e-03
2.84709559661005e-03
2.42082458609895e-02
-8.60271051270059e-04
2.24494170361629e-02
8.70696476543419e-03
2.98718371748865e-03
-1.26857680507057e-02
-1.36915374213336e-02
8.25359874318748e-03
9.95413195670791e-04
8.99733877430397e-03
8.12927264389159e-03
1.22660729157850e-02
2.86115667281117e-03
2.76668375107716e-02
2.00973799946029e-02
6.27584825906753e-03
6.40408117612470e-03
2.98564542361504e-03
1.26179179139754e-02
-7.85761014274804e-03
-1.31346337166081e-02
4.52622695016665e-03
3.08433881127406e-03
-8.23279859549543e-03
1.36815185436587e-02
-8.53144673177918e-03
-4.00626956466876e-03
-3.86396059946866e-04
5.07661806592973e-03
1.71813023014266e-02
1.40751554080348e-02
1.05286660983258e-02
5.73354635727314e-03
-3.68674234319827e-03
-1.18419976654197e-02
-9.41039688783186e-03
-1.36505946072763e-02
-1.14849342913550e-02
3.25430916636928e-03
-2.94516046616638e-03
1.32221896944732e-02
5.04804396341935e-03
-1.46701228401571e-03
1.73733879719579e-03
9.29199421607128e-03
1.24382403629702e-02
9.94728305590833e-03
1.02665119855581e-02
-7.87382674898063e-03
-9.16675037196428e-03
-1.25760522740939e-02
-2.09689891903148e-03
-1.59573822575947e-02
1.22497357966330e-02
5.73338533590079e-03
-1.19668361313008e-02
-9.79623440878222e-03
-1.38726122786388e-03
9.25962974171605e-03
-7.65792246844112e-03
-1.44863363529602e-03
-1.41911014936877e-02
1.17129995145340e-02
-1.38603122381948e-02
-9.77811103550796e-03
-3.56717056893711e-03
5.90612358312641e-03
-9.89970278622790e-03
-1.07075754286368e-02
-7.83559309267631e-03
-3.98060627770545e-03
-8.29409138709521e-03
1.38470633753754e-02
9.04950064629002e-03
4.28844077635284e-03
2.30940000167788e-03
-5.19623469259270e-03
1.05553316491107e-02
-1.14777618042190e-02
-1.48488415423527e-02
4.87409173451410e-03
1.99299433008395e-03
-1.82363816476624e-02
3.97369667105202e-03
-1.44213820814288e-02
9.89487548998668e-03
4.06377702647203e-03
-3.76122353402383e-03
-2.00925174263744e-03
-7.20725206341470e-03
-4.63403044492061e-03
-1.54626643415948e-02
9.89431245075148e-03
4.31359567640479e-03
-9.07143763833538e-03
2.96403591715145e-04
3.57537755289034e-03
5.79254726042411e-03
-1.53517061269555e-02
-7.35557344441434e-03
1.23288999130099e-02
-3.42105453612402e-03
-2.45062647080595e-03
-1.00717067249955e-02
4.18797986230165e-03
9.03043820919252e-03
9.32718978082149e-03
-3.33291457114958e-03
4.05311779803803e-03
-3.11344558966099e-03
-1.05934254956562e-02
-1.35372372946396e-02
-1.28815272549632e-02
-1.30913394013551e-02
8.55894405683486e-03
2.73189083536125e-03
8.88078934670640e-03
-6.93629729864308e-03
1.22904895560103e-02
-4.16212416927768e-03
4.57853825570826e-03
8.76166690323386e-03
-1.11060530860450e-02
-5.84404167837765e-03
-2.31888613556068e-02
-1.74893271476733e-02
-2.49049437272726e-02
-1.95547751820038e-02
-2.06398904460309e-02
-1.45387043869550e-02
5.68393039806742e-03
-1.15891709885067e-02
2.04188381477325e-03
1.75623864255438e-02
-5.63268050973426e-03
-9.50519710336017e-03
1.38126466269180e-03
-2.06129812409907e-02
-1.00919465621686e-03
-2.48909318962100e-02
-2.72862805306234e-02
-6.10306032278084e-03
2.03778544230495e-04
0.00000000000000e+00
0.00000000000000e+00
0.00000000000000e+00
0.00000000000000e+00
-7.45977772954342e-03
-1.59635977234179e-02
1.12082070978925e-03
1.52260990285247e-02
1.79274442898151e-02
-5.42276339583387e-03
1.63311121725745e-02
7.60666941915300e-03
-4.23163097296217e-03
-1.48426006203175e-02
-1.38572556747355e-02
8.13282543455113e-03
1.19751212408748e-03
-4.33766401927168e-03
6.65335603964961e-03
-1.91611766888856e-03
1.95962327174994e-02
1.68685121971696e-02
-1.77355457406506e-04
-8.51490652905368e-03
-2.16499534181657e-02
-9.38210268695428e-03
-8.20531851487480e-03
1.01868763695685e-02
-1.58444821956027e-02
-1.73533351483516e-03
-5.72771372151639e-03
1.10535121453301e-02
1.32937410076579e-02
1.10306829558967e-02
2.98460912764723e-03
7.92596706390448e-03
2.65140145651285e-03
-2.72093813487561e-03
-1.55119000570361e-02
-1.98325615686891e-02
1.31908045487447e-02
-6.58983410207167e-03
8.04633658992258e-03
5.86941112172788e-03
-6.45102028670079e-04
-9.22465028761052e-03
3.62440852265050e-04
-9.61210990509215e-03
2.24085666795968e-03
-9.13844706714073e-04
-3.89766964332801e-03
8.30776965654863e-03
-1.42697404298624e-02
-4.20048810387738e-03
-1.07004665911010e-02
-3.72065673890740e-03
1.30394790476882e-02
1.44274624210094e-02
1.01663346085565e-02
1.25499812180832e-02
6.74031701067414e-03
6.24941430510813e-03
8.03678195772007e-03
-2.48318628363426e-03
4.08700679892160e-03
5.94700067100319e-03
9.98416024109804e-03
2.10833530230445e-04
-7.14070417599768e-03
-6.21233391751959e-04
1.44489762180441e-02
-1.31631364334996e-03
-5.62789523260721e-03
-2.19373924997029e-03
-1.05848021397616e-02
1.08132867622102e-02
1.49399401421302e-02
-9.92724014625885e-03
-3.90382125687379e-04
6.64321566675046e-03
-5.37978027262893e-03
-1.20148342430856e-03
8.69204742644745e-03
-1.32238651833458e-02
-6.50981093223758e-03
-1.15953215884306e-02
6.02160425839359e-03
-9.16297036137962e-03
6.40179678022234e-03
-2.85516616443430e-04
1.20226717636824e-02
8.97930453851595e-03
2.78938761542182e-03
3.24969196938963e-03
8.19304168186544e-03
-1.55968593623395e-02
2.53287005022206e-03
-7.80894485553177e-03
-5.67749592714998e-03
-4.41219248849053e-03
6.65558377967502e-05
-2.14626471030929e-03
1.67966392484322e-02
-4.90842157621038e-03
5.49718310275416e-04
-3.05275625343675e-03
7.96221568462248e-03
-1.67224515407019e-02
-4.41998099529606e-03
5.42469530653419e-03
-8.93993969029087e-03
1.09194261334885e-02
1.32585877094957e-02
1.67218763372268e-02
1.30280800442914e-02
3.36846372118607e-03
1.52186683869813e-02
-7.69104217579895e-03
-1.04797451653938e-03
-6.26328236703216e-03
-1.48340869675266e-02
-1.36126019158463e-02
6.80068205109111e-04
1.11193817529405e-03
9.00008917563335e-03
5.56758680192779e-03
1.95442057612592e-02
1.67154537507356e-02
1.00064820077412e-02
-5.44181869330295e-03
-1.39055509169634e-02
-8.85681140595269e-03
-2.09281131502705e-02
-8.64240304134996e-03
-8.46696924027649e-03
9.22479706209139e-03
-5.15878818493090e-03
1.75736123421000e-02
1.62484958631406e-02
-1.54267183519595e-03
-7.11068950859486e-03
1.09862257556398e-02
6.02627560528190e-03
-7.73798873101195e-03
-8.32433826763035e-03
-1.14914374434034e-02
-9.43241997280643e-03
3.25631915914105e-03
2.17693101370194e-02
1.72015987070279e-02
0.00000000000000e+00
0.00000000000000e+00
0.00000000000000e+00
0.00000000000000e+00
-2.12372223657682e-02
-2.54815367222918e-02
-1.29946416345699e-02
-1.11374770641392e-02
3.08573598790519e-03
1.42682436389826e-02
4.09632473159872e-03
1.20980699314408e-03
-4.92102695355022e-04
-9.34267837410402e-03
7.00002425842907e-03
2.07857144405061e-03
-1.13301124728166e-02
-1.23430499083176e-02
-7.28875772324433e-03
-1.13145796760966e-02
4.52699718800960e-03
4.33873343857774e-03
2.49820049589165e-02
-9.19081523627228e-04
7.23266390379598e-03
-9.76295744535792e-03
1.25084259071714e-02
-1.42399039835836e-03
3.77994146124005e-03
-1.34110304191527e-02
-4.56992323991779e-03
-1.90450587090172e-02
-7.36647543267819e-03
1.03046465303432e-02
1.45625523018365e-03
1.84927813474342e-02
2.37971146545854e-02
6.73410788177445e-03
-1.17151301597243e-02
5.15077502783163e-03
-1.59040022026477e-02
-4.56792940121903e-04
1.64795649721533e-03
1.36859520292830e-02
-2.82523270364726e-04
-8.63745423259336e-03
-8.89242855386375e-03
-3.79233063811852e-03
1.72517457358114e-02
5.41309758032495e-03
1.13994170139513e-02
-1.43668173740740e-02
1.00491693656238e-02
1.05081044354055e-02
-3.48301765768320e-03
-7.99584792526538e-03
-9.46267516736396e-04
-1.30044044859963e-04
1.39898671200417e-02
-6.54596238545957e-03
-2.28962072557071e-03
7.61761702221969e-03
8.08693866524247e-03
3.41920573863646e-03
5.20322246804154e-03
4.37760665611277e-03
-6.67209914449502e-03
-1.09882528857703e-02
5.12190282521593e-03
1.33290619573851e-02
-7.70696661912441e-03
-1.17066396725607e-02
-7.44433996301443e-03
-8.91484135385995e-03
-1.00723179725795e-02
2.83658282401292e-03
3.32166304528925e-03
-6.11146846019716e-04
-5.91784263902083e-03
-1.48787512230929e-03
-5.43458101432636e-03
-1.17583533276418e-02
1.23396016011185e-02
5.03777095015150e-04
-8.19680056075115e-03
6.01819011803070e-03
1.26699206610827e-02
8.70516337101924e-03
1.12121941221714e-03
-1.14478649127769e-02
-1.00258079906061e-02
-1.23256555611880e-02
-7.18187542981240e-03
-9.42701662859607e-03
-2.51330227776701e-03
3.51648621051147e-03
1.61598639585554e-02
-5.62400087731618e-03
-1.45326401248980e-02
-1.80289068397528e-02
5.28571717607189e-03
5.70904184367503e-03
9.95146144700443e-03
2.89627895192117e-03
-5.53160777384626e-03
4.62534590842558e-03
1.30227560863222e-02
1.46257964188868e-02
2.34963116783437e-03
7.54547005038466e-04
-1.89059953820516e-03
5.10116063763528e-03
-9.79805661944660e-03
-1.55654525065913e-02
-3.70523544693132e-03
-3.13789113886686e-03
1.53993037579194e-02
2.25396398492874e-02
-7.19666762506312e-03
-2.52668832293035e-03
-2.82209745949252e-03
6.91896004162294e-03
4.79792263504053e-03
-1.21195514859204e-02
3.19295412429015e-03
6.30038335616554e-03
-5.89135024842435e-03
5.12367559200195e-03
1.48742534644012e-03
1.05133526202645e-02
1.26812987659937e-02
-3.56998382212542e-03
-2.17178404299687e-03
9.85679787586228e-04
-1.90726078516334e-02
-1.60796970477062e-02
-1.45020177324948e-02
7.44371085062555e-03
5.86595717640068e-03
6.65684100211951e-03
-2.49622476706834e-03
-5.18333533454629e-03
-1.12585795118882e-03
7.83720705565485e-03
6.47188621763809e-03
-1.28545468553375e-02
1.65203193061518e-03
-1.78639202945357e-02
-2.55768927207614e-02
-1.30482188265546e-02
0.00000000000000e+00
0.00000000000000e+00
0.00000000000000e+00
0.00000000000000e+00
-2.30063715901683e-02
-2.24741029758333e-02
-2.77809039521361e-02
-2.13792143615404e-02
-1.70029470901366e-02
-5.88052238648834e-03
-3.97597583597846e-03
-1.86460956934484e-02
-8.26644876210147e-03
-1.51694053907633e-02
-1.29786012336023e-03
-4.21532512991495e-03
-1.24838163559550e-02
-1.61135597721739e-02
-1.29884509769311e-02
-8.46555681325542e-03
-1.98443890766741e-02
-3.00236144077167e-02
-2.45937749539405e-04
-2.47554889253270e-02
-1.58554287730312e-02
6.00003093151502e-03
-9.91247658580993e-03
-1.37719718595897e-02
1.19076655435178e-02
-1.36538944417909e-02
-1.60553244519915e-02
1.04633150563207e-02
3.80551405265082e-03
-1.43903159621090e-02
-1.90843212817679e-02
-1.55517359478117e-02
-1.09951956615184e-02
-1.70551867183779e-02
-1.52873195434616e-02
-6.36200230248930e-03
4.79189891278522e-03
4.95569850354517e-03
3.12061819110610e-04
-2.28148802729088e-03
4.59762682538056e-03
9.47179905536507e-03
8.08916689970018e-03
5.15423229279842e-03
-1.08370049027801e-02
1.18287010587714e-02
-1.05904075702711e-02
-7.30464906531662e-03
-9.35559687680934e-03
4.33675394924651e-03
1.19806925165599e-02
5.20124756635987e-03
-5.06243323956264e-03
1.18145664557391e-03
-4.19969972200397e-03
-1.48185092826211e-02
-1.21439989701470e-02
8.33939985355715e-03
-2.34933652669553e-03
1.09444415471772e-02
1.05217785405451e-02
-7.39297514845882e-03
2.75025839463937e-03
1.28384026492199e-02
-5.57715592656643e-04
7.70185450425723e-03
-1.61182254652519e-02
-1.25994034359959e-02
1.10436227957700e-02
5.02963338486279e-03
8.29251582566039e-03
-1.64696202321078e-02
-1.32110483203288e-03
-5.12089170300268e-03
1.29912055865804e-02
-1.02500255458450e-02
-9.28386326470531e-03
1.65900324842950e-03
1.04223489288442e-02
-2.58600167478212e-04
-1.44873619962756e-02
5.61557997502182e-03
4.61859881534135e-03
2.32011772863827e-03
-1.73574847212644e-02
7.87645277037505e-03
-1.58643691814800e-02
1.25803935462234e-02
-8.59422249700125e-03
-1.49884912966270e-03
4.10687250775036e-03
5.77578845136172e-03
1.10521387641684e-02
2.36482781610373e-03
7.76121113533039e-03
-1.56535622802346e-02
2.85194604644652e-03
-1.36012032803136e-02
-7.46964608851352e-03
6.08577880849158e-03
5.46820500926377e-04
-7.72522220052729e-03
-1.37466683196454e-02
8.86519795139067e-03
-1.14290549155863e-02
-1.04696440583170e-03
-6.58871351727197e-03
-1.06874865271447e-02
4.45015439719607e-03
-1.39159470672091e-02
-2.40765355482967e-03
-1.31705824126554e-02
-8.19609959571086e-03
-1.03405770668563e-02
-5.36468009778712e-03
-2.69667531570885e-03
-2.08340925261847e-02
4.11156669958565e-03
-8.39882482159833e-03
-2.87101238349599e-03
1.01592950427261e-02
2.85596265322238e-03
2.90998925946078e-03
9.07454133649373e-05
-1.08686972721526e-02
-1.39583768642880e-02
-2.03139084092229e-02
-7.54776442219017e-03
-2.23730858150773e-02
-8.26007631853838e-03
-1.42801530805001e-02
-1.59171241655996e-02
-1.17351677010674e-02
-1.13401286614500e-02
1.39665879420598e-03
9.73714820937257e-03
3.93781553161558e-03
6.26009182844176e-03
-2.21945217090593e-02
4.19436565865031e-03
-2.55174827242536e-02
-1.66526528102489e-02
-2.54381510721372e-02
-6.97352908288578e-03
-2.96664991540676e-02
-1.02104372768239e-02
0.00000000000000e+00
0.00000000000000e+00
0.00000000000000e+00
0.00000000000000e+00
9.07790876698811e-03
3.49779788572545e-04
-1.12659757968651e-04
-5.64056326267707e-03
-7.06640568786781e-03
-3.31545265186949e-03
8.62503344381853e-03
2.86574188511584e-03
1.87397222119374e-03
-1.28794814146618e-02
-2.13424397671197e-03
3.37321056109118e-03
1.57755629197179e-02
1.09787885886796e-02
1.02316745735088e-02
4.15813291244047e-04
-6.28697476651124e-03
-7.71263190816184e-03
-4.37247641907096e-03
7.41488432889840e-03
-1.01525455114176e-02
-1.27580943944979e-02
-5.56763759778447e-03
2.62766403324546e-03
9.90684278032419e-04
-1.06966259583793e-02
2.86392841019706e-03
1.48172957496474e-03
-6.06089516649964e-03
5.91491399775036e-03
-5.43896288390548e-03
-4.06787545014914e-03
9.72984648438351e-04
-3.28743657428737e-03
1.44137754242415e-02
1.01522729383141e-02
-6.67716091755339e-03
-3.95701213476561e-03
7.25956581507976e-03
1.30654775176185e-02
-6.82801415312351e-03
2.26306832232130e-03
2.44634586539700e-03
-9.14572430961931e-03
1.81825741460737e-03
1.47008953269116e-03
8.19066611511487e-03
-1.15880596446776e-02
-7.92898766774264e-03
-9.33600057686315e-03
-2.86418815215378e-03
-3.22478763353787e-03
-6.84719713525602e-03
-1.02415393698609e-02
1.00500897434815e-02
-8.71387564251247e-03
1.05683985547942e-02
7.65272781952675e-03
1.29749746882899e-02
-8.24664673518944e-03
-6.77645599433421e-03
1.62387213038116e-03
6.96074697219527e-03
1.21759872304660e-03
6.95540368397893e-04
-3.20185465334735e-03
1.17861507864153e-02
-2.04489319953466e-03
-1.40949656836884e-02
1.26048210181081e-02
1.35786266856982e-02
1.36540237268849e-03
1.40417453845334e-02
-3.63186226379781e-03
2.54250654801906e-03
9.53065192043409e-03
-2.20732127452808e-03
-1.27828597024162e-02
2.71753378878657e-03
-9.45713702666827e-03
3.81689626559139e-03
1.53547507869203e-02
6.28990977995333e-03
-8.39755823620264e-03
1.64993156940130e-03
8.74363110250126e-03
-8.25511217391765e-03
-8.37529962281649e-03
1.17867724169878e-02
1.25957769050424e-02
1.63557542453217e-03
-4.75160564155514e-03
1.94287647726969e-03
-1.04340974328620e-02
1.15395989984890e-02
7.18127982832169e-03
3.69350996277837e-03
-8.87752856989461e-03
-9.91731085463374e-03
-1.15925070929923e-02
-8.42414561502448e-03
-1.13487474896641e-02
6.31169758957399e-03
8.91494083378081e-03
7.01597648133368e-03
-1.28659167694491e-02
-9.52509830698620e-03
-5.85823654747659e-03
1.01628929640095e-02
2.71471154115053e-03
-1.69240557334846e-03
1.15584638121855e-02
-5.81430721366870e-03
7.70670815196332e-04
5.19347593028892e-03
1.06444836829902e-02
9.25059755609762e-03
5.43307889496747e-03
4.79888918522796e-03
3.14247371609936e-03
9.30014350770855e-03
4.61598729162972e-03
1.01995474367067e-02
-1.67612827415333e-04
5.50177930929989e-03
-1.45550018888307e-04
9.83279300339752e-03
-1.76334426164517e-03
2.64003507847433e-03
4.51768815722376e-03
-4.72973012077853e-03
-1.30512442788322e-02
-3.91715775890679e-03
-6.09640303660864e-03
8.38820809434454e-03
-3.44611494969682e-03
-6.25812908368822e-03
1.79957469748197e-03
-1.08829903324715e-02
9.15236386120103e-03
-8.50126906235201e-03
4.04346386203013e-03
5.43322554665517e-03
2.71439756818196e-03
2.80879579886595e-03
-1.72177755709055e-03
0.00000000000000e+00
0.00000000000000e+00
