1.17850124993122e-02
2.41514639861201e-03
1.17840805805429e-02
1.03138491882548e-02
1.17845803949035e-02
5.48616396141316e-03
1.17851130197758e-02
1.00498071662757e-02
1.17772644591090e-02
5.31596563075301e-03
1.17818180854574e-02
7.73266856103676e-03
1.17851130197758e-02
-1.11477940042549e-02
1.16101431224904e-02
1.17703754803488e-02
1.17801508526400e-02
1.17787734933247e-02
1.17851130197758e-02
-1.11357390403450e-02
-1.17782143856893e-02
7.31225659641048e-03
1.17297693052449e-02
1.17805818638306e-02
1.17826420215074e-02
-1.17851130197758e-02
-1.17826850228393e-02
5.87589875068326e-03
1.17851130197758e-02
1.09805049621409e-02
1.17807713226855e-02
-4.75224064450918e-03
-1.15839000386799e-02
9.51964446399989e-03
1.04781454661887e-02
1.17793371488504e-02
-9.50344403998905e-03
-5.71457752402923e-03
-4.66984007425740e-03
-2.82021042960015e-04
3.19961100243115e-03
9.73470229626987e-03
-3.95427968877868e-03
-8.86975097451537e-03
5.08022124198614e-04
-8.15255106134583e-03
3.93923911876765e-03
4.68359117478287e-03
6.13053932218125e-04
1.17436223769261e-02
-1.10735671039913e-02
-3.68445398966873e-03
-5.03674324173585e-04
-1.15816326789569e-02
6.22036714102316e-03
1.17847191102319e-02
-1.17775353839756e-02
-3.48096997315050e-03
7.38295573266401e-03
-1.17611805783710e-02
-3.70977147660770e-03
1.17851130197758e-02
6.79930913557503e-03
-1.06721917556751e-02
1.17848554977078e-02
-1.95692656811346e-03
-9.46989795581598e-03
1.17851130197758e-02
4.78549895892694e-03
-1.17839274894860e-02
1.17851130197758e-02
7.08893149480234e-03
-6.29855484452948e-03
1.08431431186615e-02
1.09018834548212e-02
-3.19673003021876e-03
1.17851130197758e-02
7.95347888421834e-03
-1.54354712980232e-03
1.17851130197758e-02
1.17851130197758e-02
7.86821460112810e-03
1.17851130197758e-02
1.17778021397693e-02
1.12712894134105e-02
1.17825942998361e-02
8.33027377529678e-03
1.17828506298616e-02
1.17477247842296e-02
1.17784685405118e-02
1.06711088075103e-02
1.17801121182919e-02
-1.17710354334348e-02
1.17851130197758e-02
1.17268606739712e-02
1.17792118314722e-02
1.16881708785458e-02
1.17787546119864e-02
-1.17801498404515e-02
2.03302610991000e-03
3.08243289204254e-03
1.17798937761786e-02
1.17425739650991e-02
1.17787883499822e-02
-1.17838264457546e-02
-1.17793961233506e-02
-3.93083629346841e-03
1.17803605445511e-02
1.17831541995225e-02
1.17799915901764e-02
-6.65561472290277e-04
-1.17787345928649e-02
-8.53308231643523e-03
1.17804228243848e-02
1.17794851805046e-02
1.17759651876885e-02
2.52889635800795e-03
-1.16065848936483e-02
-5.43023958247511e-03
9.78205456414830e-03
1.57583603228702e-03
-3.34764700594508e-03
-1.03642739427869e-03
-6.18298302639985e-03
-5.22175347750002e-03
8.23476949834905e-03
3.63117196522491e-03
-8.04978321461578e-03
1.09939282855202e-03
-8.89179638956503e-03
9.31164361103217e-03
9.10059593226016e-03
-9.97941501138667e-03
-9.56594297422836e-03
1.06258012989171e-02
-9.84544186814348e-03
9.79523125523412e-03
1.03621884821134e-02
-1.04537556669158e-02
-1.17819151920677e-02
7.76822739042392e-03
-6.79196049988081e-03
1.03717108809527e-02
1.11410888271640e-02
-1.13536805448206e-02
-8.19277152377219e-03
1.13375803438271e-02
6.16909461498669e-03
1.08232734958600e-02
1.10049744073416e-02
-1.16909285468148e-02
9.25646902733875e-03
1.10844637832103e-02
1.17815053560763e-02
1.10248600474060e-02
1.17754593549630e-02
-1.17828284444103e-02
1.03217479638445e-02
-3.95187954886656e-05
1.17811885864593e-02
1.11628967618270e-02
1.17821925296083e-02
-1.17822414170943e-02
6.54417135745382e-03
-1.17820662818054e-02
1.17847747585315e-02
-1.58566237484448e-03
1.17824496031357e-02
-1.17824860700045e-02
1.17821162207289e-02
-1.17820725706504e-02
-1.78496111775046e-03
-1.17838817290322e-02
1.17822217735481e-02
-1.17832732894909e-02
1.17825593257834e-02
-1.17822978811491e-02
-1.17833659431797e-02
-1.17842655073010e-02
1.17816473027100e-02
-1.17843811789230e-02
1.17810313058552e-02
5.94534639006890e-03
-1.17819029814478e-02
-1.17844321164639e-02
1.17808949809224e-02
-9.15469586594393e-03
1.17804786129756e-02
1.03766698448468e-02
-1.17802868806329e-02
-1.17843477771849e-02
1.17802995750968e-02
-6.40783523049243e-03
1.17809611351074e-02
1.17827953144138e-02
-1.61268861634681e-03
-1.17721770453671e-02
1.04509081598535e-02
-5.91740224600561e-03
1.17819954978212e-02
1.17800865961435e-02
1.17851102827240e-02
-1.17834955402295e-02
6.74365109249671e-03
9.06072144696873e-04
1.17831557159421e-02
1.74083844923188e-03
1.17839120395280e-02
-1.17827452890467e-02
-5.04102080883610e-03
1.94765873670062e-03
1.17818335397102e-02
-1.12239740908618e-02
1.17802099157670e-02
-1.17791275653188e-02
-5.54498175848326e-03
9.43249919278697e-03
1.17844541417843e-02
-9.36485754748663e-03
2.39850888170162e-03
-9.78048680219795e-03
-4.42248073034817e-03
1.02770988255394e-02
-6.02699807609899e-03
-1.05534305997136e-02
7.25865949175368e-03
-1.15502829111946e-02
5.75911309337050e-03
1.04969907467317e-02
-1.17824995679973e-02
-1.17776970635285e-02
1.14786789004972e-02
-1.04367799459480e-02
1.03246447353805e-02
5.29472767678190e-03
-1.17825934868530e-02
-1.13288645649706e-02
-1.27366858164354e-03
-1.05792645151808e-02
1.17825434348139e-02
1.47381524718771e-03
-1.17835044237013e-02
-1.17828977140932e-02
-1.17523428679354e-02
-1.17845898377875e-02
1.17831443454748e-02
-3.46356335837114e-03
-1.17846427555013e-02
-5.87000746059066e-03
-1.17846163162797e-02
-1.17846312759897e-02
6.28543234591914e-03
-1.17770167497797e-02
-1.17828289402554e-02
6.80861761418412e-03
-1.17837511711298e-02
-1.17848049660680e-02
1.02035920554724e-02
-1.17833521867364e-02
-1.09249830158570e-02
1.17849849912109e-02
-1.14760567352672e-02
-1.17849790516432e-02
2.96276978762539e-03
-1.17844148176813e-02
-7.95412246526325e-03
1.17850641693599e-02
-1.94867884359572e-04
-1.17850826186977e-02
1.43048273788051e-03
-1.17851077852548e-02
7.83496361233549e-03
1.17828788247116e-02
1.17851130197758e-02
-1.17851075238717e-02
-1.39123761154907e-03
-1.17851130197758e-02
9.22174757571451e-03
1.09194885372917e-02
1.17851130197758e-02
-1.17850408938283e-02
-1.05241838399037e-02
-1.17851130197758e-02
1.05434505735154e-02
-1.17823418006585e-02
1.17841629808701e-02
-1.17845125442072e-02
-1.17724537467415e-02
-1.17851130197758e-02
1.17767802369265e-02
-1.17851130197758e-02
7.24992269951392e-03
-1.17838649044562e-02
-1.17851130197758e-02
-1.17851130197758e-02
1.17793278376845e-02
-1.17842767136706e-02
-9.41719279751065e-03
-1.17783261048719e-02
-1.17851130197758e-02
-8.13879692932670e-03
1.17812144532115e-02
-1.12487131639941e-02
-1.17849057511392e-02
-7.98029243159352e-03
-1.17849975404244e-02
-5.26500805962009e-03
1.17823849523585e-02
2.51558275987086e-03
-1.17833888677262e-02
-9.46308957493657e-03
-1.17843843589242e-02
2.14864803558897e-03
1.17706930292251e-02
8.97172899809657e-03
-9.89676974830357e-03
-7.61558654493680e-03
-1.17629790198847e-02
-1.22692344100609e-03
1.13218188930083e-02
9.19753041920615e-03
6.33564851768269e-04
4.17515711982837e-03
-8.56326301883146e-03
-1.01592816311467e-02
-5.97693362535158e-03
-6.51918957007158e-03
-4.45200963925957e-03
-7.91474874669802e-04
7.49547849053227e-03
-1.13741696397347e-02
-1.17848852153751e-02
5.60456765719882e-03
-1.17848610918405e-02
-1.17848899355447e-02
1.17839623163129e-02
-1.17822739688919e-02
-1.17850146049265e-02
1.17850241495169e-02
-1.17645131632734e-02
-1.17850212782575e-02
1.16202489360914e-02
-1.17832478849668e-02
-1.17850627776925e-02
1.17851130197758e-02
1.17557937282054e-02
-1.17851130197758e-02
4.38126932120851e-03
-1.17840253204076e-02
-1.17851130197758e-02
1.17756934381446e-02
1.17851130197758e-02
-1.17851130197758e-02
-1.17451783469394e-02
-1.17848757419355e-02
-1.17851130197758e-02
-1.17652804835323e-02
1.17851130197758e-02
-1.17851130197758e-02
-1.17713687958204e-02
-1.17851130197758e-02
-1.17851130197758e-02
-1.17851130197758e-02
1.17764123987305e-02
-1.17850399109477e-02
-1.17851130197758e-02
-1.17851130197758e-02
-1.17851130197758e-02
-1.17851130197758e-02
-1.17536901270276e-02
-1.17838788769656e-02
-1.17851130197758e-02
-1.17851130197758e-02
-1.17667335171500e-02
-1.17773976056281e-02
-1.17851130197758e-02
-8.38611511669527e-03
-1.17851130197758e-02
-1.17850954398169e-02
-9.59281047902684e-04
1.17849594019203e-02
-1.17847994012699e-02
-5.80860461736562e-03
-1.17851130197758e-02
-1.17850939339236e-02
-9.53975195136548e-04
1.17851130197758e-02
-1.17780066218628e-02
-5.78320493691449e-05
-1.17846367306218e-02
-1.17851130197758e-02
9.28552626063152e-03
1.17841848320849e-02
-2.44856910342650e-03
9.42563357012304e-03
-1.17838974304496e-02
-1.17850815870767e-02
1.00899268828816e-02
1.17671840428267e-02
1.17850750620325e-02
9.03825646620994e-03
-1.17289648909934e-02
-6.23493012562476e-03
8.95918821115668e-03
4.92044179975163e-03
1.00306434849842e-02
9.56301269991012e-03
-9.91247918436463e-03
7.95591689895320e-03
-2.58783682013063e-03
3.50468343413620e-03
-1.03351538381497e-04
-6.48766241969039e-03
-7.53853601230007e-04
1.17373489085679e-02
-1.17851130197758e-02
1.17801013661275e-02
5.73299012536815e-03
-1.17674218670914e-02
-2.04577611661201e-03
1.17841557811028e-02
-1.17851130197758e-02
1.17851130197758e-02
1.17583490461526e-02
-1.17843235681870e-02
-8.78058187318673e-03
9.01450658503303e-03
-1.17851130197758e-02
-1.92178321179955e-03
1.17851130197758e-02
-1.17851130197758e-02
-1.17627149560401e-02
-7.16668435199381e-03
-1.17851130197758e-02
-1.17851130197758e-02
1.17851130197758e-02
-1.17851130197758e-02
-1.17836964629970e-02
-1.13515315470855e-02
-1.17851130197758e-02
-1.17851130197758e-02
9.41713281595233e-03
-1.17851130197758e-02
-1.17850797044688e-02
-1.17840785610145e-02
-1.17851130197758e-02
-1.17851130197758e-02
-1.17849929882963e-02
-1.17845994259313e-02
-1.17851130197758e-02
-1.17841513117775e-02
-1.17851130197758e-02
-6.06236448821428e-03
-1.17851130197758e-02
-1.17285690159952e-02
-1.17851130197758e-02
-1.17844720006720e-02
-1.17849895714261e-02
1.17849045068055e-02
-1.17851130197758e-02
-1.67750665260663e-03
-1.17851130197758e-02
-1.17846047887915e-02
-1.17849118375954e-02
1.17850785884871e-02
-1.01528973859065e-02
5.18595462549320e-03
-1.17851130197758e-02
-1.17844340948155e-02
-1.17848970857089e-02
1.17843100964896e-02
1.17848756046454e-02
1.17848817202206e-02
-1.17845144978848e-02
-1.17842599484983e-02
-1.17850841114920e-02
3.64394677954410e-03
1.17848646102379e-02
1.17848731492014e-02
-1.17833520981203e-02
-1.17838507318998e-02
-4.66638340879028e-03
-1.17850641886311e-02
1.17830354919775e-02
1.17848169335012e-02
-1.02990506896025e-02
-1.01567568503262e-02
-8.15652315940643e-03
-1.17845501976743e-02
4.06171558653807e-03
1.17848269257214e-02
1.42346851609810e-03
1.42734915490409e-03
-1.56843450912030e-03
2.36097025132963e-03
-5.14714492091421e-03
-2.36944443603489e-03
-7.76177741975643e-04
1.17846943225819e-02
-3.67470381833700e-03
2.96739805037586e-03
1.06999425022675e-02
-1.17644682456230e-02
-4.87641772118405e-03
1.17727132338053e-02
-1.17851130197758e-02
-1.17819535282927e-02
1.17748808787573e-02
-1.17770173738665e-02
-1.11178315912417e-02
1.17832454903084e-02
-1.17793162244947e-02
-1.17845918460136e-02
1.17527681803695e-02
-1.17799792718189e-02
-1.17827427295688e-02
1.17834306655126e-02
-1.17814884249247e-02
-1.17851130197758e-02
-1.17830592561586e-02
-1.17726714506136e-02
-1.17836707090634e-02
1.17838519724972e-02
-1.17851130197758e-02
-1.16838241293207e-02
-1.17844364751683e-02
-1.16947950888777e-02
-1.17844702916353e-02
1.17844337804532e-02
-1.17851130197758e-02
1.10581199574180e-02
-1.17851130197758e-02
-1.15668968430926e-02
-1.17851130197758e-02
1.05289795248345e-02
-1.17851130197758e-02
1.17850356774718e-02
-1.17239584459056e-02
-2.20682569484011e-04
-1.17851130197758e-02
6.62842048826890e-04
-1.17849929055704e-02
1.17850195497621e-02
1.17851019710293e-02
1.17851060747958e-02
-1.17850240358578e-02
-3.17575431655758e-03
-1.17848709461727e-02
1.17614330210824e-02
1.17849005381377e-02
1.17851130197758e-02
-1.17849198750899e-02
-1.16978699279048e-02
-1.17848254092014e-02
-1.09039169658841e-02
1.17847539287424e-02
1.17851130197758e-02
-1.17834722285402e-02
-1.17693100520514e-02
-1.17848476045899e-02
-1.17848670102300e-02
1.17807606825735e-02
1.17848390097218e-02
-1.17705894468023e-02
-1.17828833021142e-02
-1.17850911973511e-02
-1.17845927949326e-02
-7.51990011074004e-03
1.17847095306616e-02
-3.38618814571202e-03
-1.17831733557070e-02
-1.17850821537984e-02
-1.17826608216870e-02
-1.17850743279364e-02
1.17845725447630e-02
2.11830773713163e-03
-1.17834958033417e-02
-1.17850983918922e-02
3.35371479954271e-03
-1.17846516954873e-02
1.17842433561064e-02
9.52777283213915e-03
-1.07484884823632e-03
-1.13975602707354e-02
1.08926177937635e-02
-7.29784737136509e-04
2.08755710463877e-03
1.13468372862381e-02
1.17838208214871e-02
-1.02743803609823e-02
-1.17836074113980e-02
7.39706664964208e-03
-1.17845763094806e-02
-4.33682658536439e-04
1.17834670625196e-02
-7.51325843253410e-03
-1.17846414963250e-02
-1.17808630811710e-02
-1.17826550782459e-02
-1.17823352012061e-02
1.17834606869865e-02
-1.15838008830102e-02
-6.19123210153076e-03
-1.17835788947749e-02
-1.17065178815381e-02
-1.17832635957976e-02
1.17838716654183e-02
-1.17217088701318e-02
1.17839716203127e-02
-1.17842790099422e-02
-6.68540575406795e-03
-1.17838420715269e-02
1.17845338014106e-02
-1.17829799126918e-02
1.17842293761296e-02
2.10219705678568e-03
1.00514267037513e-02
-1.17842138576028e-02
1.17851130197758e-02
-1.17840330213087e-02
1.17841301390599e-02
1.17851130197758e-02
1.17851130197758e-02
-1.17843288712058e-02
1.17851130197758e-02
-1.17842318752057e-02
-7.09923693304420e-03
1.17850830206710e-02
1.17851130197758e-02
-1.17842058754236e-02
1.17851130197758e-02
-1.17847230007363e-02
-1.17851130197758e-02
1.17846945488401e-02
1.17851130197758e-02
-1.17838966287883e-02
1.17834943183222e-02
-1.17846982625209e-02
-1.17851130197758e-02
-8.38039112212223e-03
1.17851130197758e-02
1.32050075012341e-03
1.11379013074624e-02
-1.17847288179087e-02
-1.17845211058951e-02
-1.17851130197758e-02
1.17851130197758e-02
8.34788298802679e-03
1.09911387554730e-02
-1.17847920645458e-02
7.91441053524191e-03
-1.17851130197758e-02
1.17847360004192e-02
9.01378029931613e-03
5.59680161445327e-03
-1.17848716903871e-02
1.16248837528278e-02
-1.17844966982088e-02
1.17845411989335e-02
1.15880490101116e-02
7.51577094984516e-03
-7.05266272094486e-03
1.10686255653027e-02
5.66559758481970e-03
-3.23117311196485e-03
6.35716872980668e-03
5.97540303230082e-03
5.66106211678824e-03
-8.16353133795735e-03
-8.67534417950826e-03
1.74539333175899e-04
-8.91694180481979e-03
5.47962996364018e-03
1.17187712953290e-02
2.41645996961922e-03
-1.17814359961980e-02
2.15343304456422e-03
-1.17751222349381e-02
1.17831654811331e-02
1.17769548802587e-02
1.17272134944804e-02
-1.17828297945212e-02
8.67188328726381e-03
-1.17779224404455e-02
1.17829134675724e-02
1.17808274525656e-02
1.17806725251444e-02
6.54842403298996e-03
9.16458202713942e-03
-1.17830544579851e-02
1.17831598845643e-02
1.17398106478707e-02
1.17830950403140e-02
1.12751297659182e-02
1.15085724279060e-02
-1.17831835932519e-02
1.17838396060842e-02
8.88600369220279e-03
-5.76876585205979e-03
1.17849767784445e-02
1.17838660717168e-02
-1.17832517330204e-02
1.17847101717660e-02
8.72259303919789e-03
-1.17558301860084e-02
1.17840343945913e-02
1.17851130197758e-02
-1.17832247265660e-02
1.17851130197758e-02
7.49041922860901e-03
-1.17851130197758e-02
3.45636078896256e-03
1.17851130197758e-02
-1.17830890840371e-02
1.17851130197758e-02
-7.23834499032889e-04
-1.17850074794784e-02
-1.09379498308325e-02
1.17851130197758e-02
5.30236466744766e-03
1.17851130197758e-02
-9.71091605432620e-03
-1.17844319660512e-02
-1.17851130197758e-02
1.17851130197758e-02
7.78780438143561e-03
1.17851130197758e-02
-1.17845217047569e-02
1.12267689026244e-02
-1.17851130197758e-02
1.17851130197758e-02
1.16401889291935e-02
1.17851130197758e-02
-1.17846697959894e-02
1.17851130197758e-02
-1.17845264398222e-02
1.17848610943012e-02
1.17849163490865e-02
1.17851130197758e-02
-1.17848116419329e-02
1.17851130197758e-02
9.93498697188663e-03
1.17847162143268e-02
1.17593695210014e-02
1.12926879796925e-02
-1.17849621830897e-02
9.18132456454380e-03
1.17842721114703e-02
8.24958984261745e-03
1.17835455630494e-02
6.92046080926126e-03
-1.17850264655731e-02
-1.00416952380632e-02
1.17838769224562e-02
-1.63857817079396e-03
1.17838088780657e-02
1.80300735774742e-03
-1.08940278496760e-02
-7.76467301319657e-03
9.26665344741682e-03
1.58999267151706e-05
5.22969818069072e-03
-1.43755851299171e-03
-9.29368352507514e-04
3.30229090772589e-04
5.67632829994463e-03
4.02996768163704e-03
1.18409613732430e-03
-8.67579711783593e-03
1.17851130197758e-02
-6.48606093642919e-03
1.17851130197758e-02
1.15127528463008e-02
-1.00503399783329e-02
-8.28627883915338e-03
1.17851130197758e-02
-1.17452631538150e-02
1.17851130197758e-02
1.17851130197758e-02
2.37043073957666e-03
-6.19663084077670e-03
1.17851130197758e-02
-1.17851130197758e-02
-6.05532398495398e-03
1.17851130197758e-02
8.28733141727807e-03
1.06593198588931e-03
1.17851130197758e-02
-1.17851130197758e-02
-1.04285089286507e-02
1.17851130197758e-02
9.59574954593401e-03
1.17782543474841e-02
1.17851130197758e-02
5.71791406913056e-03
-1.17851130197758e-02
1.17851130197758e-02
8.21735494912644e-03
1.17851130197758e-02
9.76821739621809e-03
1.15289388071785e-02
-1.17851130197758e-02
1.17851130197758e-02
7.17781639898346e-03
1.17851130197758e-02
1.17810254188610e-02
1.17851130197758e-02
2.93834349629247e-03
1.17851130197758e-02
1.17823301984607e-02
1.17851130197758e-02
1.16581758818410e-02
1.17851130197758e-02
1.15035307155190e-02
3.49283126878298e-03
1.17815474445365e-02
1.17851130197758e-02
9.47352889827936e-03
6.85586614483735e-03
9.02013171160436e-03
-7.01911727412802e-03
1.17805989256453e-02
1.17652626370786e-02
1.05656321729738e-02
-5.60335391500080e-03
1.17851130197758e-02
-8.22652710175133e-03
1.17795233023370e-02
8.07169068934436e-03
1.10095694893999e-02
-7.10403622878394e-03
1.16989159275829e-02
-1.00708629955274e-02
8.02667477359383e-03
7.22656829953399e-03
-1.09242360165614e-03
-1.14467335572076e-02
-1.07109399607695e-02
-7.68682782843572e-03
8.94826165627443e-03
7.44195809458425e-03
-1.06400830284824e-02
-8.97080695017631e-03
-5.74314697079873e-03
-9.05881505769286e-03
9.80683896309971e-03
9.87409074128967e-03
-8.28976879555769e-03
-1.12631825778590e-02
-4.77476378248730e-03
-1.13339561808767e-02
5.99018398653509e-03
-9.02125081426848e-03
-2.95861410313020e-03
-6.97397526726749e-03
1.17793257947354e-02
-8.00870803301717e-03
9.20059525781846e-03
-1.13928106459987e-02
-4.86123286050476e-04
5.18341743210694e-03
-5.58105931894289e-03
-6.98788625744674e-03
6.56701741813795e-03
-1.11726084359465e-02
-5.02661413622809e-03
-1.16644540791776e-02
-1.14913387884261e-02
-4.98990172036498e-03
-1.05180628516818e-02
-1.14200377133735e-02
-2.72075824862904e-03
5.67156217327433e-03
-1.20908705609585e-03
-1.71021980780322e-03
1.11416316534506e-02
3.30490661430003e-03
8.52511334663465e-03
1.14892524004372e-02
6.16332402148544e-06
-2.89063955565575e-04
1.13906385155714e-02
9.48996706736505e-03
1.17851130197758e-02
1.17851130197758e-02
1.17268614937544e-02
-1.75745503325402e-03
1.15633129878564e-02
-4.39072830479192e-03
1.17851130197758e-02
-1.00221168889823e-02
1.15522524722662e-02
-1.00953844609005e-03
1.17446855809324e-02
-1.17850965273126e-02
1.17851130197758e-02
-6.52875595057279e-03
1.17660781982917e-02
-1.16864192404789e-02
1.17851130197758e-02
-9.08215450931774e-04
-6.00056449388598e-03
8.37601112413460e-03
-1.10845179967503e-02
-3.74791253123181e-03
4.23426246202930e-03
2.00501009148121e-02
-9.66214725751887e-03
-8.48813345999702e-05
4.64624123999612e-03
-4.25108997774040e-03
1.10994426492495e-02
4.18313293025806e-03
-5.03248358723965e-03
2.73740078109441e-03
-8.95366005912551e-04
4.44505493425695e-03
9.58815333591228e-03
-7.98600902675302e-03
-2.14447732681643e-03
-1.07375862987480e-02
6.72244016726181e-03
4.48237940203980e-03
-1.11192060165269e-02
6.75661146704511e-03
-4.66074638671701e-04
-1.48233729914469e-02
1.46068693144623e-02
7.61683832819475e-03
-8.03046728959396e-03
-6.46965725633535e-03
-9.41296103597298e-03
-2.66873590543226e-03
1.17308521411830e-02
1.48515888168346e-02
-1.02837393952998e-02
-6.82948305984130e-03
-5.89436889178089e-03
-1.75215135688664e-02
-8.69174245109664e-03
-4.56784620138154e-03
-5.43277076217049e-04
3.49858194344408e-03
-1.87733137895592e-03
3.60385516336236e-03
-5.47804475176497e-03
-4.63473070109659e-03
-7.11127184844460e-03
7.01094363035724e-03
5.67097187831346e-03
-1.15870918116575e-02
-3.21762661554448e-03
1.03558739588883e-02
1.06603806367839e-02
-7.46492800410262e-03
-8.38360724243370e-03
-4.91785599172321e-03
-3.80436502930287e-03
1.56455163950219e-02
8.96726344215947e-03
-1.37758214889713e-02
-5.11066324208912e-03
5.47669295541263e-03
1.62667810291785e-03
1.12377124901307e-02
3.48845949341624e-03
1.34820172226886e-02
-6.49409576994430e-03
1.79075442459747e-02
-1.37033214027486e-02
2.27293036236519e-02
1.74075821964147e-04
-6.22137221990114e-03
1.50000168160624e-02
1.07554618569675e-02
9.56828890978562e-03
1.80621777230456e-02
5.43794965506214e-03
8.88347312224237e-03
1.23074970736704e-02
7.91199299611146e-04
5.56690425567842e-03
1.19673704918371e-02
-3.28827980186483e-03
1.49265557975385e-02
5.58602412292832e-03
1.42488283431733e-02
1.02772268082974e-03
2.01440808912262e-02
-7.85714177291178e-03
2.99162302351600e-03
1.57721669813593e-02
1.05837364282495e-02
1.56476869102616e-03
6.96364897559039e-03
5.86370985760674e-03
1.53374402593692e-02
1.61300579425420e-02
-6.51694085726711e-04
-4.30248201736565e-03
1.84142138530609e-02
7.60552289127711e-03
-6.87662809136711e-03
-7.00074949157856e-03
6.98494796489814e-03
-9.36222780041155e-03
-6.09517792636074e-03
1.32508249349157e-02
4.58715457192851e-03
2.14889408359841e-03
6.61626651361348e-03
4.86596626658639e-03
-1.18873814101185e-04
1.18256626957773e-02
3.78679004880291e-03
-1.42010163334489e-02
-1.75310046662601e-02
4.62745051099421e-03
6.73186030672304e-03
-2.55632114773839e-03
-1.39333183906337e-03
-1.69722074062060e-02
-8.25796723367059e-03
7.70724679487954e-03
-5.33055801775904e-04
2.82837133855807e-03
-3.48208547901028e-03
-1.53230602249415e-02
4.62382714226964e-03
-1.09392880089385e-02
2.61271152035887e-03
-1.18407921214098e-02
-1.94632624892421e-02
1.14336830524697e-02
1.63002254360717e-02
-4.76363465312006e-03
-7.87982576638506e-03
4.14841154326306e-03
-8.27614715808209e-03
3.56867489575337e-03
1.72025079452188e-02
-7.71854788718639e-03
1.43506433722342e-02
-9.20939099900813e-03
-8.55411923982460e-03
-3.33653765582131e-03
2.35598986483019e-02
-6.69114320829733e-03
2.45276872505748e-02
8.34988165183319e-04
-1.87398067380349e-02
1.95251788460777e-02
1.75987136352395e-02
-1.98799772075822e-03
-3.54178957047526e-03
1.19007440849971e-02
-1.98867057430599e-02
2.16355904350998e-02
3.79074459857937e-03
1.31780192190299e-02
-1.32972919098370e-03
-5.95740422295596e-03
5.08209189565516e-03
9.63115230040979e-03
-1.40654650386476e-03
7.72683043572886e-03
8.14110463180986e-03
-4.75769002048407e-03
9.43481334112240e-03
1.50824310951511e-02
-1.63994169346014e-02
-2.49363165862864e-03
1.76094552784861e-03
1.76656726621611e-02
-8.42444166011190e-03
-2.59851550362888e-03
4.26889644821832e-04
5.44043950170838e-04
-6.23690257875022e-03
1.80715845162250e-02
-1.35684157552214e-02
-5.24169201346644e-03
-1.07503226894694e-02
-1.01249374116799e-02
9.53748903457889e-03
1.30488667665261e-02
6.18403646530794e-03
6.89417611173637e-03
-3.14368027303455e-03
-1.38193214555462e-02
-5.89616639456816e-03
-5.04609484137611e-03
-7.76029353463305e-03
7.20672126884908e-03
-6.09395637916762e-04
1.07184416729778e-02
2.74116772457856e-03
-2.29229785757861e-03
-2.90749425066016e-03
5.89917581156830e-03
9.61959634228336e-03
7.78679263135820e-03
1.13012155403698e-02
-6.95568095556192e-03
-9.27801978851640e-03
-1.13491544194902e-02
7.07707096372035e-04
-1.40544892250436e-02
1.64773812189527e-02
5.41525503196476e-03
-1.48272001563848e-02
-1.22438109319048e-02
2.12905506339842e-04
5.01344974371606e-03
-5.99122224609131e-03
-4.25530273056712e-03
-1.94360551251239e-02
1.08393440351543e-02
-7.44152301847356e-03
-8.26548923831016e-03
3.68017300901273e-03
7.09929354386971e-03
-1.40584782762964e-02
-9.50671002229794e-03
5.71446430147747e-04
-7.12966663993359e-04
-2.58133765204226e-03
1.23718025121278e-02
3.38909325121992e-04
4.35984590642506e-03
5.36147271284472e-03
2.08913526836882e-03
2.08121482332175e-02
-8.07135863569476e-03
-1.97806102526350e-02
1.19918332413173e-02
2.94507253005932e-03
-4.07090661300890e-03
1.84952602093401e-02
-8.91553066954949e-03
3.96277862764683e-03
1.06740462675892e-02
-1.28486538747594e-02
1.45478960449837e-03
2.83408072286696e-03
-7.03747342085890e-04
-2.13427605643282e-02
2.05355649425554e-02
-2.74828419537896e-03
-5.67864866745636e-03
1.59408730443780e-02
1.61904056273217e-02
6.02914461049900e-03
-1.76682294176930e-03
-9.88032191071290e-03
5.32313840794170e-03
1.90988506258358e-03
3.34959885435691e-03
-1.57817223795896e-02
1.15259706723083e-02
9.59681970677667e-03
8.97964528201541e-04
3.22849195041705e-03
1.76669061295830e-02
2.77905638696124e-03
6.03903037390593e-03
7.17549458482022e-04
-8.49160004472817e-03
-5.53645079967172e-03
2.00804108753883e-02
3.43257622274368e-03
1.33838949046437e-02
-4.59113830721343e-03
8.75333202443907e-03
-7.74259574166444e-03
9.42575069998428e-03
1.09107859592835e-02
-1.84769777874827e-03
5.21710399235824e-03
-9.42960297881236e-03
-3.94485672061206e-03
-6.93637072369633e-03
-7.23055280012075e-03
-9.98139975528595e-03
-8.14709661729148e-03
9.31556439175770e-03
-1.21812383371967e-02
4.09848728355246e-04
1.21593369274809e-02
-8.45947543448322e-03
-8.01015883275267e-03
4.11501803329009e-03
-1.15180365056169e-02
9.42809822656229e-03
-1.37305075574736e-02
-1.27651262079666e-02
1.09499254543397e-02
1.28461552478308e-02
-1.20920503260187e-02
-1.65428449335863e-02
5.30042677056969e-03
-1.24852836923771e-02
1.34536738821701e-02
-5.79729927610195e-03
-3.26199042836536e-04
-7.06379451669675e-04
-1.34975063207891e-03
-1.48226033741358e-02
1.54888889505734e-02
1.41414816253083e-02
1.83274050030525e-03
-1.63679253186015e-02
-1.92023386524684e-02
1.34697092308603e-02
7.10677158836576e-03
1.24824500028089e-02
1.70179928537292e-02
-7.94283051060541e-03
-1.37830970889199e-03
3.35886451798845e-03
-1.58028682559305e-02
-6.85606784892466e-03
-5.82952854779435e-03
2.46891106946964e-04
-1.00289610014983e-02
1.52857368116037e-02
-2.25043387923696e-02
-3.62760372913701e-03
5.58256008712338e-03
1.40991342717501e-02
2.37881537321277e-03
6.98506931198514e-03
-6.38094827413974e-03
-3.52234423853503e-03
1.21155109229241e-02
8.82615769080258e-03
-1.21422876884320e-02
-9.93265312476800e-03
1.77047012890478e-02
-1.49392491279679e-02
8.69456533362164e-03
6.64353437228345e-03
-6.79138313273505e-03
-7.43538346881477e-03
2.90538559292873e-03
-1.19644601336719e-02
4.49110016818321e-03
5.54018026506946e-03
-1.70049523858302e-03
1.48689993008113e-02
-9.42712092764317e-03
-3.26916503540363e-03
-1.11757937418218e-02
-2.96362034978179e-03
9.97428482554967e-03
1.46194713128650e-02
1.00534937867616e-02
1.53172243201542e-02
9.40188273458244e-03
1.09778163701912e-02
9.61102044016328e-03
-2.37080335372693e-04
4.37473582823408e-03
6.40069615996322e-03
9.25128166077270e-03
2.41005582297096e-04
-1.06865265142483e-02
-3.17189156952577e-03
1.38362955666232e-02
-2.72122115164479e-03
-2.79624561107444e-03
6.86794764237242e-05
-1.15480530732487e-02
9.71651985290781e-03
1.70958817405760e-02
-9.42252070039239e-03
1.22147017612727e-03
2.57643342277094e-03
-1.25665341384914e-02
-6.60782398877725e-03
1.22636348634229e-02
-9.81456091931715e-03
-1.96729440210152e-03
-1.51814238734370e-02
1.61629813234984e-03
-1.09341241323729e-02
5.41673614347954e-03
3.71321355700590e-03
1.34484207243862e-02
-4.28138120471111e-04
-6.39658898524174e-03
7.14155653809159e-04
3.92218764639195e-03
-7.20290771506284e-03
9.57513168350401e-03
-1.03446862395295e-02
-9.70975828730898e-03
-2.24837552652323e-03
-7.00773658062800e-03
-5.59050103553198e-03
1.76806306118517e-02
-1.35456022204902e-02
-1.10627502981305e-02
-4.04678135090712e-03
2.82890153190031e-03
-1.80337088942748e-02
6.61394197376855e-03
8.18121470903440e-03
-1.30155611231313e-02
1.47385135836325e-02
1.49763252340530e-02
7.82056070869113e-03
1.53918617095642e-02
-2.63813102331474e-03
3.51023209806484e-03
-6.48997280611206e-03
6.53120284877188e-03
-4.92451220564084e-03
-6.88112274006915e-05
-6.44276523250457e-03
-1.49661752721906e-03
3.92779599033365e-03
1.23178962034783e-02
2.24457407098348e-03
2.00835563517341e-02
1.15743729029989e-02
-1.15100823957497e-04
-7.30738936828548e-03
-7.96400062330204e-03
1.78151561539221e-03
-4.31096604430344e-03
4.04218795003371e-03
-4.50618965691110e-03
7.25311213049227e-03
-1.09071798982734e-02
1.09695505218138e-02
1.33386534136896e-02
-4.80894051631689e-03
-8.37852167903706e-03
7.25194143547425e-03
7.37918408881523e-03
-2.57901432965652e-03
4.40352868042689e-03
2.90948468257890e-04
3.58592889984049e-03
1.50292503651804e-03
1.59305714889693e-02
5.91063285447751e-03
-4.05523887044244e-03
-1.63208331186898e-02
7.59154132119222e-03
-8.50363885136737e-03
-1.19948712400614e-02
-3.50114917911928e-03
8.77851536864848e-03
-5.44307666781977e-03
4.24373025320661e-03
1.40539323681937e-03
-5.36098919709708e-03
1.98050970254173e-03
3.46312446544375e-03
-1.60690439756573e-02
1.96440456912188e-03
-9.09623870866727e-03
-1.88756596486085e-02
-6.30834639379264e-04
1.32780241258150e-02
-2.07693299391988e-03
7.77245296448353e-03
-5.87242307118843e-03
7.49770137536701e-03
-1.23659603002266e-02
6.35846721591308e-03
-1.57566599096002e-02
8.98214743751555e-03
-4.59276111792965e-03
-5.16083572665883e-04
-1.62753109482487e-02
5.64523829353848e-03
-1.68320601857882e-02
-9.07690090729970e-03
7.63120370422637e-03
-5.48786732917922e-03
4.25057864158735e-03
2.14962744040741e-02
-5.39361654994689e-04
-1.95393290628997e-02
6.95759299652518e-03
-5.95767930586825e-03
-3.28537379950882e-03
1.21454740913507e-02
1.43396775489678e-02
-9.16175525275915e-03
-1.19304440921781e-02
-4.74461138386260e-03
-1.12799667572659e-02
2.22855162245516e-02
4.91896711933271e-03
4.12471085669773e-03
-1.29639449037878e-02
1.98975323838734e-02
1.52676041487410e-02
6.43614743864986e-03
-3.75677093324251e-03
-5.88960358418066e-03
-3.12413370820079e-04
1.48700271214633e-02
-5.16288205991795e-03
2.21918727958099e-03
1.05901304867209e-02
6.53849374127009e-03
8.20807433608344e-03
6.85022221340407e-03
9.78957549498433e-03
-1.37591485150425e-03
-7.68521935712850e-03
5.11971390315769e-03
1.57646326052361e-02
-1.04489101718174e-02
-1.13799227368705e-02
-6.48027896839077e-03
-8.81182426724361e-03
-6.91267419473689e-03
6.25227076681887e-03
5.55983180931314e-03
3.62952230582898e-03
-2.66548925377909e-03
-2.38898224088358e-03
-7.46326084889641e-04
-1.40006815837709e-02
1.07162254374773e-02
3.51262266987788e-03
-7.24681137577307e-03
7.43372822072245e-04
1.92234168933811e-02
6.93461034421750e-03
-1.06876241145623e-04
-3.35119147557427e-03
-4.44657839923162e-03
-1.96266997644962e-02
-4.37610120217467e-03
-1.82469437174859e-02
-1.35047864431095e-02
4.42279041980951e-03
2.22788590173214e-02
-1.27514375767764e-02
-1.05302970785919e-02
-2.24230115326546e-02
3.68115334151792e-03
5.96813193669022e-03
2.30538786345786e-02
-3.46404747736030e-03
-9.76557056380673e-03
-9.92177663388386e-03
4.23497941767746e-03
2.42846676151060e-03
1.33325628708491e-02
-3.25475494203717e-03
-4.64082090537592e-03
-2.12909800628058e-03
-1.83218031528469e-03
-1.88833075318305e-02
1.03018748281649e-02
-7.46328673660399e-03
2.90535712257373e-03
5.23302101789704e-03
-6.27470067286586e-03
-1.39394873774898e-02
7.64379638756643e-03
9.48807901030773e-03
1.96086216372412e-03
-1.40065393038493e-02
1.53006037385304e-02
9.14694339656413e-03
5.85239789163156e-03
6.02427911341464e-03
-1.08218590017262e-02
-3.05676176742733e-03
9.03996656374309e-03
-7.57930388429633e-03
4.76032903467982e-03
9.80219762215882e-03
-1.36115961626585e-02
-7.01590502842580e-03
-6.51226057191607e-03
1.33322060363615e-02
1.06208267645552e-02
6.30879122241557e-03
-9.42584008693534e-03
-9.40515286503194e-03
-1.08028020672530e-02
4.08198337614956e-03
6.37779752752301e-03
-8.45193173126276e-03
1.14049514069333e-02
-3.13159762634951e-04
-1.52501734173666e-02
-6.63047922369559e-03
5.23347397524426e-03
1.49055434333388e-02
-9.04593062289048e-03
-2.74434898501629e-03
-5.72984818191927e-03
-1.58008231813443e-03
-8.02349921990019e-03
-7.24606447687204e-03
1.04649305712751e-03
4.67580046569279e-03
4.07703021466249e-04
-9.10010269447193e-03
-2.56617715884880e-03
-1.74155721699096e-02
8.23228710415330e-03
-2.75311392559484e-03
-1.27855432304427e-02
-2.48999656977973e-03
1.66329942928427e-03
-2.46840027526783e-03
2.82807241626819e-03
-2.08404252959432e-02
4.37439611335962e-03
-1.19166983145597e-02
-4.37723309000391e-04
4.94269194499499e-03
2.92406088799272e-03
-1.88562995831279e-02
5.53433476105113e-03
-1.91163173854161e-02
-6.47604351166907e-03
4.65746101122246e-03
1.40273872417007e-02
-1.90662125784645e-02
-1.57567244974834e-02
-1.99238779727421e-02
8.70112069161467e-03
-1.64564047461717e-02
-4.58599135160779e-03
-1.01797479251363e-02
1.89994453227944e-02
-1.15790688073787e-04
1.77026428037715e-02
-6.33663044059568e-03
4.96775739280586e-03
7.38844990168477e-04
2.22836167738123e-02
1.00099910060858e-03
3.81811915453449e-03
7.68799797339017e-03
-1.34532387930728e-02
-1.38276747364930e-02
3.97992754924735e-03
1.13639308143907e-02
2.49541753631234e-02
2.49385166001154e-03
-1.06152795705909e-02
-4.06353098680238e-03
7.21057419315408e-03
-3.36902471116461e-03
-4.12273393903012e-04
8.05744378908142e-03
-9.50867392410199e-03
7.11092180844790e-03
1.17157370553796e-02
2.81349478517370e-03
1.25867727870427e-02
1.35445137342776e-02
-7.34833038536326e-03
6.92323891864793e-03
-1.83343957304647e-02
-4.41929716764618e-04
2.25220872955527e-02
8.89320517273250e-03
4.82037671730143e-03
-1.42665317341461e-02
-5.26696067353594e-03
-1.53889539591529e-03
2.11260638486902e-02
-7.70558257577169e-03
-1.13898929416857e-02
5.41447941356306e-03
6.22609868744115e-03
7.62368606883119e-04
-7.18757919810019e-03
8.85548576892727e-03
8.24657089606510e-03
1.06416276977745e-02
-1.81941170577057e-02
1.11252151746484e-02
-8.62983942598756e-03
1.35054168727814e-02
-3.41119519437863e-03
4.21852035621808e-03
9.05586976469320e-04
5.82301258044232e-03
1.75380397901706e-02
1.97334043558039e-03
1.91665379361052e-02
-8.02726351358673e-03
3.49903052277437e-03
-1.21772826569756e-02
4.23135240127539e-03
5.87715982375094e-03
1.62363753359514e-02
-4.41888757818729e-03
-1.25948702987770e-02
1.97457077820652e-03
-1.84311649248643e-03
-7.30986466509079e-03
8.83553618138869e-03
-1.18102625601613e-02
1.51706205374847e-02
-1.96285654158905e-02
1.49777753273481e-02
-1.38768918021786e-02
1.36883822869023e-02
-9.04902536182231e-03
1.74733613184466e-02
-5.66339212560391e-04
-7.51665712767758e-04
2.31690631666871e-03
7.25836778200059e-03
-8.39912362110334e-03
2.74145749857855e-02
1.14084010236975e-02
2.41567598108019e-02
2.74158695642125e-03
5.83654907402763e-03
-1.34275952440644e-02
-9.01357326444479e-04
1.93003752546686e-02
6.04654488970557e-03
1.90649784139429e-03
-1.08404461564001e-04
-1.71892991226847e-02
-5.55399556599253e-03
5.19579148244106e-03
1.75136314900740e-02
1.24536156279849e-02
6.93028767067709e-03
2.72712409461050e-03
-2.27168678169362e-02
2.11408582819617e-02
-4.30969820464873e-03
-2.22399898113743e-03
-1.42548775680039e-02
7.04341520015199e-04
-2.27994915313736e-02
4.97411518087186e-03
2.02698807516381e-02
-9.31989592070736e-03
-3.94366819037314e-03
-1.92978475433322e-02
-4.92316926899789e-03
-8.24176922129984e-03
6.09708258582857e-03
3.26914206804864e-04
-8.04597336028424e-03
-1.78432510012355e-03
9.35786667105397e-03
7.91455238293520e-04
8.36163782267514e-03
-1.17942784974736e-02
-1.07344193011819e-02
-3.57307596707825e-03
7.09965925938513e-03
-2.68225916926444e-03
6.51180830562327e-03
-5.40786736994473e-03
-1.35848002500159e-02
-7.23628982763448e-03
-3.70327887883002e-03
4.28745035466591e-03
-2.61201900492620e-03
-9.23056961507195e-03
-2.29214127340193e-03
9.83787182475901e-03
2.24707795633439e-03
-1.74970150193279e-02
4.41096405552484e-03
-5.14051720462930e-03
-9.11197899428323e-03
6.62098147673762e-03
-5.22157828325909e-03
-1.24720372407586e-02
5.23245334986010e-03
-7.21985585782442e-03
2.06539467845595e-02
1.84529897990155e-02
4.03916555446574e-03
-3.16619689277808e-03
1.76406871294728e-02
1.11005130487442e-02
2.84091062565295e-03
7.40892151547893e-03
9.99256027732736e-03
-5.03983989791929e-03
1.02679643076003e-02
-2.64340966639337e-03
1.89306493223125e-02
-1.01190064107682e-02
-4.21427041201335e-03
1.45373809262758e-03
8.82491916650976e-03
-4.94763428381564e-03
7.23596405572087e-03
-1.05064331916212e-02
6.36004173588641e-03
5.42793596514780e-03
2.62702367872120e-02
9.96096728424097e-03
2.88324701418251e-02
-1.00017843378947e-02
-1.91263015209775e-02
6.96430830148397e-03
2.10681146420754e-02
4.85822913622868e-03
1.29074816412317e-02
-8.53419925608453e-03
-2.17880024223938e-03
-6.37966221324785e-03
-3.07426106133066e-03
1.94447884323616e-02
2.37139119725805e-02
-2.60592500835875e-03
1.09075142088748e-02
-1.26768527377106e-02
9.15490714126394e-03
1.73283197298887e-02
4.65788704073727e-03
-1.76646581847509e-02
4.49526284416210e-03
-1.81770297777892e-02
4.45326327023947e-03
2.25886980500593e-02
1.08532015329538e-02
-1.17627710960016e-02
7.85927377743169e-03
8.96233161138789e-03
-6.71642057172170e-03
7.66987126922770e-04
1.71002199985849e-02
1.31274505829998e-02
4.61510563888172e-03
-3.39195684158280e-03
-6.67799107382441e-04
-1.00281752014135e-02
9.66160253886486e-03
6.37635090153584e-03
2.89646408627766e-03
-1.01118867083072e-02
-9.13461384283186e-03
-1.08721980995649e-02
-6.86464509294222e-03
-5.55374753243871e-03
1.02474030668150e-02
8.31566559938071e-03
1.06597321549428e-02
-1.46202160643559e-02
-9.75063248470931e-03
-2.10136295037681e-03
1.33109796886646e-02
-1.20689872678617e-03
8.86291694763831e-04
8.13836247445750e-03
-3.63101239864839e-03
9.88358556426504e-03
1.38211285458012e-02
1.65991752898604e-02
2.00708801671643e-02
6.91231987106787e-03
1.07459070212107e-02
1.47189625508615e-02
1.26296101249951e-02
1.24917132004700e-02
1.72416968893612e-02
-4.64591430829666e-03
7.55289106695300e-03
8.86905706732174e-03
3.82895387097341e-03
9.07690913064460e-03
1.73767394610766e-02
1.01019409696027e-02
1.03771203370104e-02
5.87522675647123e-03
-1.07943494137034e-02
4.44825883096320e-03
2.55083136161153e-02
2.16367946625898e-03
3.98656775178254e-03
8.92290158855189e-03
-2.88348753755140e-02
1.12020894169363e-03
9.82008732210046e-04
8.62517363399979e-03
8.25586730211562e-03
7.06643972633961e-03
4.28964316432725e-03
2.88875300606081e-03
1.75424674273285e-02
-4.88747970134172e-03
