-8.83883476483184e+00
-8.83883476483184e+00
1.71111273988344e+00
2.03035021346285e+00
-4.33277959453189e+00
-3.43202415041513e+00
7.99709491346844e+00
2.11632911880262e+00
3.96161647001595e+00
-1.42055485222547e-02
3.95242729402763e+00
-4.07871679542335e+00
-7.18700482518988e+00
8.83883476483184e+00
8.83883476483184e+00
8.83883476483184e+00
8.83883476483184e+00
4.58514143627811e+00
-4.21930284005102e+00
-8.83883476483184e+00
-8.83883476483184e+00
-6.53222580762344e+00
-4.95978628035871e-01
5.30929135730061e+00
8.76121019913833e-01
-2.73461939833272e+00
3.32341079971392e-01
3.56232232555671e+00
-2.72597781289622e+00
1.38337202514760e+00
-3.17977348201367e-01
-4.67511281665197e-01
8.67877658651841e-01
-3.63345179223276e-01
-1.08780234811627e+00
-5.45401493647329e-02
1.59016758781686e+00
7.24016455650316e-01
-3.56622904613546e+00
1.44056582409813e+00
7.89901836524769e-01
-1.86421113064108e+00
-7.55059308747930e+00
-8.83883476483184e+00
-8.83883476483184e+00
-8.83883476483184e+00
-8.83883476483184e+00
-8.83883476483184e+00
-8.83883476483184e+00
-8.83877911983722e+00
-8.63391862928250e+00
8.83883476483184e+00
8.83883476483184e+00
8.88487624170839e-02
-8.81186896066041e+00
5.53090329650475e+00
-9.17417730021962e-01
9.62925602595470e-01
-8.50915568011022e-01
7.62544763062609e-01
-6.44548315684382e-01
5.26328747965233e-01
-2.18811328584869e-01
-2.61575502885354e-02
3.14966113621768e-01
-4.15372578806939e-01
7.40979776920907e-02
-2.24986158651101e-02
1.70252960363449e-01
1.69993199327889e-02
-8.68161479875133e-02
8.50980928108174e-02
-4.08538073545139e-02
2.90142332114914e-02
-7.88305258441350e-02
-8.83883476483184e+00
-8.83883476483184e+00
-1.40360628481736e+00
-1.78670773067072e+00
6.00129843443747e-01
3.84563189805208e+00
-8.83883476483184e+00
-8.66558432036022e+00
6.28168354774316e+00
1.05831069217036e+00
-4.62691401608609e+00
8.83883476483184e+00
8.83883476483184e+00
8.83883476483184e+00
8.83883476483184e+00
-8.83883476483184e+00
-8.83883476483184e+00
-8.83883476483184e+00
-8.83883476483184e+00
-8.83883476483184e+00
-8.82823320113416e+00
-8.83883476483184e+00
-8.83883476483184e+00
-3.39493287256852e+00
5.35814837118611e+00
-3.70904314916313e+00
-1.55224968727366e-01
1.84003358913217e+00
1.36269746771219e+00
-1.73122684021619e+00
1.40419150699306e+00
-6.20495539784933e-01
2.47885046736978e-01
1.83293314194531e+00
-2.32817101467271e-01
-1.35019047228339e+00
1.10210986374821e+00
-1.27115051585730e+00
-1.79892042998819e+00
3.28946654042353e+00
5.34821169120177e+00
-8.61018452781962e+00
-8.83883476483184e+00
-8.83883476483184e+00
-8.83883476483184e+00
-8.83883476483184e+00
-8.83883476483184e+00
-8.83883476483184e+00
-8.83883476483184e+00
-8.83883476483184e+00
8.83883476483184e+00
8.83883476483184e+00
-2.71304723366790e+00
-8.83882339351273e+00
2.46972618548664e+00
5.23235495146685e+00
-3.89274175519412e+00
1.67054622504276e+00
-5.67881161764912e-01
9.48641651212589e-02
-1.01264012658798e-01
1.46360941461999e-01
-1.53436916190774e-01
8.04733709656101e-02
2.38964029399895e-03
3.90814912092644e-02
-5.17452409718678e-02
2.27883287105803e-01
-2.27272845321758e-01
7.74035229586895e-02
-1.60257442525582e-02
-1.07206296463956e-02
-4.62679546143750e-03
7.57296605846756e-03
2.43046244131923e-02
-8.83883476483184e+00
-8.83883476483184e+00
-8.83883476483184e+00
-8.83883476483184e+00
-2.53947269166485e+00
8.83883476483184e+00
8.83883476483184e+00
-6.52450507839199e+00
-8.83883476483184e+00
8.83872085638511e+00
-4.89454270808648e-01
-8.83883476483184e+00
-8.83883476483184e+00
-8.83883476483184e+00
-6.71946782251557e+00
-5.86879689195336e+00
-7.48895344998091e-01
3.64571507869145e+00
9.95410287669042e-01
1.59391320517865e+00
4.04599714081659e+00
5.83172685048052e+00
4.24537581711422e+00
-1.23486982502531e+00
-2.09606162954142e+00
-5.38435198390538e-01
2.18632833674086e+00
-8.46719741379642e+00
5.74119315074091e+00
-8.83883476483184e+00
5.95577185229877e+00
8.83883476483184e+00
8.83883476483184e+00
8.82910774593212e+00
8.83883476483184e+00
-3.26319801445362e+00
-6.30405370957732e+00
8.62086311177571e-01
3.97225288824815e-01
-8.15441502950789e-01
6.82947190922757e-01
-2.64919860005765e-01
2.21286565966280e-02
4.31726611319148e-02
-1.46409199993371e-01
3.16463417942600e-01
-3.06407241327589e-01
1.87265033651959e-01
-5.38548511885932e-02
-2.40366880016695e-01
2.15693963563555e-01
-1.49932564992059e-01
-1.09935348287893e-01
1.82529062710914e+00
-3.47647510725329e+00
3.13543205252082e+00
2.37985513689519e+00
-3.27675605736860e+00
-2.63377486332846e+00
2.61900366024037e+00
-8.83883476483184e+00
8.83883476483184e+00
8.83883476483184e+00
-7.64472625916514e+00
-3.95171710266303e+00
5.01075924402213e+00
-8.83883476483184e+00
1.67403476693710e+00
8.83358201936558e+00
-5.62736424407627e+00
9.23583805005867e-01
-4.56166694850677e-01
2.12046121710901e-01
-7.48924842152492e-02
9.07542618841144e-01
8.83883476483184e+00
-8.20930606481424e+00
-8.83883476483184e+00
8.10815853845932e+00
8.83883476483184e+00
8.83883476483184e+00
-8.83883476483184e+00
-8.83883476483184e+00
8.83883476483184e+00
8.83883476483184e+00
3.14474234747484e-01
-8.83883476483184e+00
-6.30739673876493e+00
-6.25063665027295e+00
-8.83883476483184e+00
-7.67030905064543e+00
-8.83727410507540e+00
-5.27402469811148e+00
-3.19037775746817e+00
-4.66542422892182e+00
-4.34762958130207e+00
-1.77340077087975e+00
3.47222104701383e+00
3.75287335323712e+00
7.52058433848432e-01
-2.28910170089744e+00
3.62237709452645e+00
-6.04882285848483e+00
-8.83883476483184e+00
-8.83883476483184e+00
8.14772301179895e+00
-8.52497486998848e+00
-8.83883476483184e+00
-8.83883476483184e+00
7.07184404313429e+00
7.98681354922421e+00
-1.18885970461295e+00
-2.02407241410297e+00
1.26091367412379e+00
-2.84705507047192e-01
-2.53094223104347e-01
4.47030396062611e-01
-2.54571041082207e-01
2.11236709399858e-01
-1.96354287562850e-01
2.06297226296740e-02
1.78061834208230e-01
-1.13130144357992e-01
-7.98927726095264e-02
1.04413382471116e-01
1.61351624833876e-01
-4.17057238496460e-01
9.99569733143396e-01
-1.38912347922303e+00
-3.71606590533919e-01
4.22236065694116e+00
-5.30604996081032e+00
4.13983435744636e+00
1.01885016731553e+00
-8.75039242686345e+00
4.93726177630093e+00
8.82218048909911e+00
-8.83883476483184e+00
-3.33605728392397e+00
8.83883476483184e+00
-8.80162550341298e+00
-2.63643825749318e-01
8.83883476483184e+00
-3.07538743087174e+00
-3.54980766314377e+00
2.65152769322671e+00
-1.02276578645350e+00
3.78555808852573e-01
-2.65102213970145e-02
-4.72410008593828e-01
-4.66089937470403e+01
-5.46811506776518e+01
7.06357674658694e+01
2.32863051108911e+01
-5.99546802947718e+01
-2.79025226891544e+01
7.06633145167155e+01
1.74709482139524e+01
-7.07106781186547e+01
5.67913859367710e+01
-2.07342121640701e+01
-6.12837299144264e+01
-6.73864489778657e+00
6.69859428672046e+01
5.34194490122816e+01
1.48322613100008e+01
-1.56855136549657e+01
9.43723611877908e+00
-5.74508133541028e+01
-2.31434833271644e+01
-2.99261354836152e+01
-1.88780490208434e+01
2.36613359576755e+00
5.17806120686337e+01
-2.68974481308501e+01
3.22956386067902e+01
2.53164649543271e+01
4.32951795223537e+01
-5.75717925810594e+01
-5.16609378916608e+01
3.99153399744967e+01
2.85053697987511e+01
5.17745392793671e+01
-4.37403353623943e+01
-3.52565374222696e+01
1.37651584678469e+01
-1.46479762097213e+01
-1.49168172291436e+01
-1.08703965381606e+01
2.38744098333211e+01
1.89144393826054e+01
-3.45218531136199e+01
2.26562202386212e+01
-1.80280037959328e+00
1.74661624886547e+01
1.13972202531072e+01
-1.24091639852074e+01
-2.44261586399052e+01
-1.67229048321349e+01
4.46622297110917e+01
-3.51739474793101e+00
-1.80500184475995e+01
-3.89389365165469e+01
4.92475428662541e+01
2.21376406216258e+01
-4.52399159091806e+01
2.87327093985675e+01
2.29176803284304e+01
1.61518256120961e+01
-4.04596594041464e+01
-2.92924905003952e+01
2.64799626910746e+01
-1.05753764551899e+00
-2.25536446884563e+01
-2.80919520325858e+01
3.14838531375156e+01
2.55071710821887e+01
-1.50869030830183e+01
5.24966163843648e+00
-1.92296383055925e+00
9.91471400238113e-01
-5.63491636558252e-01
1.78602348348802e-01
1.80886524416468e-01
-7.15816386486207e-01
-7.05877274195643e+01
2.44455953370917e+00
6.67370311667525e+01
-7.04546421799189e+01
-3.54246775552173e+01
7.05999071382735e+01
2.70374922172015e+00
-7.06586395284634e+01
2.30446175731545e+01
5.60705857620640e+01
-3.87958839860693e+00
-3.88262027543762e+00
-7.07062075320218e+01
-3.83421273516988e+01
2.52149122051901e+01
4.72515502179315e+01
2.60769720199313e+01
3.33225480413419e+01
2.62714437197695e+01
-1.16693170247620e+01
-7.85494381335749e+00
-3.21913963345613e+01
-6.01076134933418e+01
5.17906956217751e+01
3.94311391565561e+01
-5.01937084344617e+01
-2.08744605782562e+01
3.23419294180079e+01
8.14601377443273e+00
4.12699930999927e+01
-7.07104339131875e+01
-3.30804562377156e+01
1.61752115798623e+01
3.45128877773760e+01
6.05913304144998e+00
-2.49266705644562e+01
-4.59538058410099e+01
3.17967993751320e+01
2.63742341607603e+01
2.08751652620989e+01
-1.79180105493692e+00
1.27954348326517e+00
-2.40635976455883e+01
6.51779641197430e+00
-1.40675962561479e+01
1.32356855572290e+01
1.08779343065462e+01
-1.86514771737439e+01
5.06202051725688e+01
-2.13086483931261e+01
-2.77099851816270e+01
-4.81485589624127e+00
1.67362115008970e+01
4.14786975301518e+01
-5.02513177851899e+01
-8.31474013441732e+00
3.18649902227014e+01
1.81031515211715e+01
-1.57633807587883e+01
-7.54536590191856e+00
2.36681534055570e+01
3.37365079365660e+00
-4.66776893961582e+00
-2.33398698203263e+00
-1.79934950355620e+01
8.28838152493720e+00
-1.29007526457220e+01
1.37295961599653e+00
3.78800447520780e-01
4.58120410363333e-01
-1.81578829593871e-01
-5.60129029778976e-02
-1.08940094304725e-01
4.20629044091816e-01
-1.46333053687737e+00
