-2.0060071289515e-02
 1.3845511568850e-04
-7.6803735112889e-03
 5.8276394126200e-03
-2.4998010394845e-03
-9.3432194815854e-03
-5.7143301517573e-03
 2.1350576001907e-02
 5.8807673429176e-03
-4.2719840737518e-03
 6.9099511728282e-03
-1.4150452710494e-02
-1.3480714504362e-02
-1.8878519469376e-02
 7.1227714339089e-03
-8.1965327172772e-03
 2.0262892302009e-02
 1.3599811813993e-02
 4.3182555605015e-03
 9.0448104371934e-03
-2.1067371086545e-02
-1.8432012273578e-02
-1.4564641064947e-02
 1.5406756233544e-02
 7.6010381855102e-03
 9.0139140064128e-03
-1.4638885248157e-02
-1.4185077626110e-02
-9.7744094784604e-03
-1.8403850652015e-02
 5.8346767400781e-03
-1.4170941059720e-02
 9.2390659740537e-03
-7.2069528929943e-03
-1.4289759095966e-02
-1.2491928633702e-02
-1.3087703013951e-02
 1.6464084224965e-02
 1.0737311454340e-02
-4.9810447643945e-04
 5.2393635322916e-03
 1.3718196570863e-02
-1.4069867669012e-02
 8.4759790096494e-03
 1.7734479957044e-02
-1.8834210700704e-02
 1.2375403154799e-02
-9.6681614728190e-03
-1.3568893103443e-02
-6.0099864148381e-03
 1.3973035351100e-02
 1.1398474626690e-02
-1.9267528857035e-02
 1.1733878227154e-02
-1.1425673666287e-02
 1.4558998128962e-02
-1.7319295975240e-03
 7.6839184727998e-06
-7.7437289848593e-03
 9.9148567094969e-04
 5.6042118600501e-04
-2.1774388098543e-03
 2.0698289573055e-02
 1.9368626851265e-03
 1.5377302140025e-02
-1.6210668328735e-03
-3.9433895662159e-03
 1.3649534766860e-02
-3.9128044168807e-04
-1.0964184376651e-03
-1.3128781610910e-02
-1.8679820051942e-02
 2.9277478287229e-03
 1.2796944910185e-02
-5.8487980374171e-03
-2.0400982850841e-02
 6.8005648676416e-03
 3.3509040784696e-03
 1.9990066650564e-02
-7.3277768734935e-03
-1.8998536434226e-02
 1.7899043217721e-03
-1.4878533438660e-02
-2.0209216655711e-02
-1.6545382559766e-03
 5.1304462627676e-03
-1.1425268083962e-02
-1.2072247904916e-02
-1.4257297926784e-02
 6.8862095388957e-03
-5.3690683569915e-03
-2.0321467439428e-02
-2.0589848422742e-02
-5.2541684974953e-04
 4.6906351482615e-03
 2.1164759326045e-03
 1.3404232150813e-02
-1.0905139489259e-03
 5.1877031639260e-03
 1.9661099844930e-03
 1.2649587054231e-02
-2.1967623181076e-02
 1.0549754505887e-02
 6.8613264643190e-03
-1.9810259193312e-02
-1.8726225678378e-02
 1.0642822499032e-02
-2.0362411010370e-03
-6.7787671329538e-03
 9.7345739478695e-03
-7.0105569498389e-03
 3.2026999779221e-03
 9.8180437159644e-03
 2.1405500550918e-02
-1.1330779023838e-02
-1.8117655564163e-02
-1.1561407205588e-02
 1.8550097068695e-02
-1.9557954892615e-02
 1.7115825072429e-02
 5.3452563731199e-03
-1.8647949698277e-02
 2.1557571376413e-02
-3.2376896637479e-03
 1.9438859981851e-02
 1.5085884907047e-02
 1.8970006823109e-02
-1.6254584643051e-02
-2.5002393487532e-03
-1.9612738366092e-02
 1.4813013096219e-02
-1.2586238760980e-02
-1.5236379898939e-02
-1.7878623454057e-02
 3.5372831382687e-03
 1.5994520011270e-02
-1.7322906469369e-02
-2.1414481779533e-02
-1.3691450665523e-03
-2.9581336233802e-03
-3.2080802319952e-03
-1.4865476078619e-02
-1.3298757750011e-02
-9.3789202755531e-03
 5.0246902463193e-04
-2.9705747770131e-03
 2.1166904506099e-02
-5.4503488699024e-03
-1.6042604593911e-02
 4.2661317368983e-03
 1.1649527264421e-02
-1.0504009171079e-02
-1.9719502123655e-02
 1.4092296070069e-02
-1.0410269112178e-02
 8.8611755011098e-03
-1.4167624246850e-02
-1.5026435723790e-02
 1.7687358032780e-02
 1.9908779548249e-02
 2.2175705748219e-03
 3.7480915303226e-03
-4.3539413555320e-03
-1.9160933539015e-02
 1.5760290474039e-02
 9.2363958117205e-03
-1.3958726932431e-02
-1.6982009213903e-03
 1.6595665215454e-02
 1.5275434808620e-02
 1.2774321827602e-02
-3.6596106134628e-03
-7.6768526105993e-03
-2.2109685181558e-02
-1.3258646066448e-02
 6.0236988172553e-03
 2.4388835323038e-03
-1.7194571863290e-02
 1.2180961761162e-02
-1.0386507569429e-02
 1.8768082380103e-03
 3.0915199112895e-03
 2.1813443508701e-02
 8.0285648798934e-03
-1.4464679717152e-02
 1.4152438825912e-02
 1.4282074828629e-02
-1.7265414454227e-02
 1.8184606097957e-02
 1.9130420581906e-02
-1.8891332279739e-03
 1.3466484092610e-02
-2.2056728312362e-02
 2.2854220839166e-03
-1.8071022555008e-02
-1.9248318397755e-02
 8.8597945858803e-03
 1.2062021918716e-02
-1.5717411057275e-02
 1.1325702289155e-02
 8.6595590193455e-03
 2.0285312548048e-03
 1.9950346792026e-02
-1.9528352133084e-02
 1.7773913564890e-02
-8.7548221451363e-03
-5.6796169735378e-03
 1.6917187791275e-02
 1.9390746092823e-02
 9.5784500073534e-03
 1.5781265201877e-02
 1.0153939830587e-02
 1.6397822502268e-02
-1.5436226453786e-02
 7.0181382452980e-03
 8.8504940277535e-04
