0.0000000000000e+00
0.0000000000000e+00
0.0000000000000e+00
0.0000000000000e+00
0.0000000000000e+00
0.0000000000000e+00
0.0000000000000e+00
0.0000000000000e+00
0.0000000000000e+00
0.0000000000000e+00
0.0000000000000e+00
0.0000000000000e+00
0.0000000000000e+00
0.0000000000000e+00
0.0000000000000e+00
0.0000000000000e+00
-3.1255952693337e-02
-3.1301811678360e-02
1.2801816243238e-02
1.5556287951656e-02
6.4179408209685e-03
1.8945196408762e-02
1.5611510773862e-02
-9.2259386609249e-03
-3.1191220159078e-02
-3.1321450428420e-02
1.5472678818790e-02
1.5609967212701e-02
-1.0424266101644e-02
1.5039492123731e-02
1.3788984847444e-02
-1.3789836097110e-02
-3.1190602415005e-02
-2.8709505113457e-02
1.5590340621158e-02
1.5630948587259e-02
-5.1877178081370e-04
5.2971520840803e-03
5.7423002615076e-03
-1.5064585842009e-02
-3.0899011298521e-02
3.1340746814313e-02
1.5490965353646e-02
1.5596429358768e-02
7.5453280342197e-03
2.5985502135447e-03
-1.3462847273601e-02
-1.4966814434259e-02
-3.1243995543843e-02
-8.6952538116974e-03
3.9750577324701e-03
1.5530149923784e-02
1.1290799763759e-02
-6.0925128055230e-03
-4.6327321165141e-04
-1.5296967672723e-02
-3.1224890413474e-02
2.3704867517063e-02
4.4149039454873e-03
1.5338010104053e-02
6.4482078275673e-03
-5.8230079040955e-03
-3.2323241480989e-03
-1.4523150917347e-02
-3.1285056087954e-02
-3.0085470358077e-02
-9.1499952870727e-03
1.5059429547312e-02
2.9990665567518e-03
-1.6695760020365e-02
2.2471173450303e-03
-1.3170088543353e-02
-3.1164747071854e-02
-3.1212540210858e-02
-1.0951328894591e-02
1.5133416459428e-02
-3.3837575021469e-03
-1.3276795161615e-02
3.5420693990863e-03
-6.8331379071550e-03
-3.1227939610657e-02
-3.1148617746473e-02
-1.1748958591130e-02
1.4171377523292e-02
-6.5020956948749e-03
-1.7671592735708e-02
-2.0666243561358e-03
5.8673023558328e-03
-3.1191678466414e-02
-3.1243564105963e-02
4.4412458285364e-03
-4.8634712046540e-03
-8.4480134319516e-03
-1.7461002594567e-02
2.1570295950479e-03
1.0643069340329e-02
-3.1168135852581e-02
-3.1190640650142e-02
2.8053220379057e-03
2.0014607074203e-03
-8.9605134868504e-03
-1.7124714329663e-02
5.1391333395511e-03
-4.6506910766912e-03
-3.1097839221695e-02
-3.1263580951410e-02
4.5717843011081e-04
1.3172766661982e-02
-1.0635956449746e-02
-1.6859409323471e-02
-7.5565738481642e-03
9.5797133535883e-03
1.1558944097701e-03
-3.1276657296183e-02
1.2095718874676e-02
-1.7165262038787e-03
-1.4201096591688e-02
-4.4967287078041e-03
-3.9317104760244e-03
1.5119115124467e-02
3.0951717820361e-02
-3.1257489732383e-02
7.4018573768515e-03
-9.1485474365511e-04
-1.7291477042284e-02
5.0613659418428e-03
-9.4494646769400e-03
-1.5752987459132e-03
3.1127619384868e-02
-3.1235282455278e-02
4.9524912481388e-03
-2.8788279253534e-03
-1.6582110898598e-02
9.8090596793039e-03
-1.4701100651204e-02
-8.7751664366780e-03
3.1190662191307e-02
-3.1071301748193e-02
-6.1556435391952e-05
-1.7800476207817e-03
-1.6155053004823e-02
9.9026976509955e-03
-1.4947922655285e-02
-6.5554585154353e-03
3.1251124445559e-02
-3.1085023044429e-02
1.0595156769578e-03
-1.0105105287438e-02
-1.2342520403724e-02
1.1362616499458e-02
-1.4240066454754e-02
-5.6190340128635e-03
3.1284484418324e-02
-3.0766490613177e-02
-1.0870703807824e-02
-1.6848220787953e-05
-1.2171407072064e-02
1.4190826939458e-02
-6.4800919133358e-03
-6.9895692333054e-03
3.1268374196194e-02
-3.1003207459340e-02
1.4254658336866e-03
6.4520546795200e-03
-1.1229786778327e-02
1.5113065956522e-02
-3.2154892272727e-03
-1.0544033646428e-02
3.1242530988573e-02
-3.1157632219067e-02
3.9213539821215e-03
3.2587330109116e-03
-1.4960671993612e-02
1.5464096181215e-02
5.0438598628497e-03
-8.9549050802556e-03
3.1094492679802e-02
-3.1270167000856e-02
1.4027610681368e-02
-6.8743067210834e-03
-1.5439348531133e-02
9.3658428679982e-03
5.5613681488149e-03
-7.4786096903191e-03
3.0842812991664e-02
-3.1289349342427e-02
1.2620082654861e-03
-1.1476738814685e-02
-1.6397179766214e-02
6.2686320565641e-03
-9.9367234030119e-04
-2.7433652961708e-03
3.1133432187029e-02
-3.1173950711849e-02
-7.8391021820122e-03
-6.1453802874449e-03
-1.3457802507588e-02
1.2767922995394e-02
-1.3699555446892e-02
3.1877257628368e-03
3.1188422045616e-02
-7.9511515569824e-03
-4.8826497269302e-03
-1.3777344631619e-03
-2.7018129835068e-03
1.7613264003015e-02
-1.4862876075748e-02
1.0933882996221e-02
3.1171940257768e-02
3.0993310384082e-02
-2.9074926394023e-03
6.1224719565811e-03
9.6263812844676e-03
1.9444975286398e-02
-3.7906586458809e-03
9.3766960520929e-03
3.1212374557438e-02
3.1061794689386e-02
8.0417721957510e-03
1.1362547288650e-02
2.3497232854431e-03
1.9155165146509e-02
1.1050613670823e-02
-4.1183719781259e-04
3.1224440540253e-02
3.0984076562570e-02
-8.9088697777705e-04
-1.7881160574906e-03
3.9398934546187e-03
1.9501450289560e-02
3.0244298940373e-03
-4.2038745521730e-03
3.1182946869040e-02
3.1123091060814e-02
2.8766891402594e-03
8.3866236070346e-04
1.1415574490472e-02
1.3650880391126e-02
-9.0184829080082e-03
-3.2840323151474e-03
3.1190643780892e-02
3.1229118310636e-02
4.9258970693675e-03
-8.3727660427352e-05
1.5484336756800e-02
1.2281547485048e-02
-7.7031778033739e-03
1.2945828468327e-02
3.1212586596715e-02
3.1223234622067e-02
5.3722866588630e-04
-1.2293275291194e-04
1.1620304751388e-02
1.5786368732662e-02
-1.0569195208916e-02
1.2140004332098e-02
3.1270674438552e-02
3.1270215817949e-02
4.5929989824697e-03
-3.6726357888219e-04
8.5563399782071e-03
1.0698917783952e-02
-3.8865452749008e-03
5.8761009469100e-03
3.1207630211021e-02
3.1244011455422e-02
-4.5539379712091e-04
1.1684167443457e-03
1.2324844304084e-02
8.8015886094695e-03
-8.3920847968757e-03
-2.3678237171770e-03
3.1277502091754e-02
3.1259892080247e-02
-7.9276441693602e-03
6.6647886445468e-03
9.6093221032738e-03
5.0227194763245e-03
3.7104848179087e-03
-4.4857906581324e-04
3.1276607017016e-02
3.1216011823146e-02
8.9623693962275e-05
-3.1331896634987e-03
8.1037019539798e-03
4.4247675800815e-03
3.8464861887462e-03
1.8777236993619e-03
3.1302491942498e-02
3.1230520154904e-02
7.3205393697678e-03
-1.9697874051596e-03
1.0794617993664e-02
6.2447543794646e-03
2.5353165132862e-03
3.0553799625151e-03
3.1253526073300e-02
3.1279717767058e-02
5.4215333265576e-03
-3.9397105887318e-03
8.4394847022418e-03
1.3448703007238e-03
-5.2129390637046e-03
-2.8766086702695e-03
3.1193268806819e-02
3.1273170828030e-02
1.0477403942491e-02
-8.0785289198508e-03
1.2859678973129e-02
-8.2142788740929e-04
-1.3760795219187e-02
-8.8127136503982e-03
3.1031387922758e-02
3.1301753515834e-02
-1.3216138400235e-05
-9.4751359413949e-03
9.0720674737120e-03
-6.0001730989646e-03
-1.5405156528660e-02
-5.7443440249432e-03
1.2245170641750e-02
3.1277205427946e-02
-1.3818970728713e-02
-9.4744641691352e-04
1.0706779429627e-02
-1.1010283465251e-02
-1.5115728119389e-02
-8.9751755672475e-04
4.5792825267156e-03
3.1255084616300e-02
-1.4368808853531e-02
5.3735692576536e-03
8.8105430348483e-03
-1.0812311787487e-02
-5.7581476876997e-03
3.8950570092045e-03
-8.1565945292500e-04
3.0722493968759e-02
-1.5096523082693e-02
-1.5595226004949e-02
8.9154087617155e-03
-7.6299500031003e-03
-1.0916251756190e-02
1.1113061469808e-02
1.5879938195188e-02
3.1033795701811e-02
-1.5546837991282e-02
-1.5592226372378e-02
7.7511184295110e-03
-5.2499985170074e-03
1.7041417469318e-03
1.2088597294553e-02
-3.1218709063240e-02
8.5937076631431e-03
-1.5567069334657e-02
-1.5624167070184e-02
1.6197943941129e-03
-1.2117596466992e-03
2.0513136046996e-03
1.2716452119460e-02
3.1075293435411e-02
3.1127505327217e-02
-1.5620102177849e-02
-1.5618526382083e-02
-6.1383379079948e-03
-4.3694417469686e-04
1.4466124957464e-02
1.5303883601043e-02
3.1092895665159e-02
-2.9718521772203e-02
-1.5580910340003e-02
-1.5571207486528e-02
2.7767268137078e-03
1.0636300789783e-02
1.4263390049355e-02
1.5565173222894e-02
3.1285502946758e-02
1.9140116961524e-03
-5.0210528012903e-03
4.1163903381640e-03
6.3276227682592e-03
1.8393770542143e-02
1.5586210450944e-02
1.5592753208339e-02
0.0000000000000e+00
0.0000000000000e+00
0.0000000000000e+00
0.0000000000000e+00
0.0000000000000e+00
0.0000000000000e+00
0.0000000000000e+00
0.0000000000000e+00
0.0000000000000e+00
0.0000000000000e+00
0.0000000000000e+00
0.0000000000000e+00
0.0000000000000e+00
0.0000000000000e+00
0.0000000000000e+00
0.0000000000000e+00
0.0000000000000e+00
0.0000000000000e+00
0.0000000000000e+00
0.0000000000000e+00
0.0000000000000e+00
0.0000000000000e+00
0.0000000000000e+00
0.0000000000000e+00
0.0000000000000e+00
0.0000000000000e+00
0.0000000000000e+00
0.0000000000000e+00
0.0000000000000e+00
0.0000000000000e+00
0.0000000000000e+00
0.0000000000000e+00
1.5525807493154e-02
1.5609542957118e-02
-1.5381963468530e-02
-1.5138481997615e-02
-1.5339944576463e-02
-1.5594856794516e-02
2.0403850993847e-02
9.2906076150159e-03
1.3043091627867e-02
1.5645816738677e-02
-1.5314992029745e-02
-1.5320902032677e-02
7.6195894780402e-03
-5.4332733244810e-04
3.0170848914947e-02
3.0862266089126e-02
-2.1109335482462e-03
1.5651666438413e-02
-1.5275988005701e-02
-1.5181958548646e-02
-4.7362716619286e-03
-4.2044172051446e-03
3.1270243035191e-02
1.3259425972846e-02
1.5277334958719e-02
1.5651049474809e-02
-1.5302912535898e-02
-1.4524583644289e-02
-4.5036677560015e-03
-9.7486049601289e-03
3.1225274816542e-02
3.0745692967710e-02
5.8279592420407e-03
1.5654730183335e-02
-1.5220211510745e-02
-1.3588182620836e-02
-1.4939778382335e-02
1.3756943682146e-02
3.1280019328987e-02
2.3789876098000e-02
-4.1827071646509e-03
1.5655826853290e-02
-1.5209944654280e-02
-1.1398245391457e-02
4.2254412906939e-04
1.2658564868384e-02
1.2303340310240e-03
3.1297315455732e-02
-4.7715050745596e-03
1.5632311034777e-02
-1.4613455466010e-02
-8.4913234383287e-03
8.6991701277915e-03
9.8215164244658e-04
3.1091278542467e-02
3.1326853589169e-02
-6.8138515746583e-03
1.5576172283141e-02
-1.4846233267505e-02
-1.3474026911652e-02
-1.8108720450724e-03
4.4980120867967e-05
3.1235476351264e-02
3.1332942939987e-02
1.5468037448778e-02
1.2728713041718e-02
-8.3665300716726e-03
-9.6760343685649e-03
1.0832393963021e-03
-1.2906647442041e-02
3.1335838830049e-02
3.1218828703625e-02
1.5519822194163e-02
1.2642031128121e-02
1.3353937700071e-03
-1.0429888181531e-02
-5.8078185587093e-04
-1.2209862198252e-02
3.1342656421790e-02
-3.1228733852261e-02
1.5198475894723e-02
-3.6395186613404e-04
1.0270698987951e-02
-3.3375166625090e-03
-5.9677369052625e-03
9.9215714567342e-03
3.1324604062096e-02
-3.1333011977433e-02
-5.9485900497339e-03
3.5560859107472e-03
7.6967391008542e-03
2.2279358843019e-03
1.1882371419251e-02
1.5244719661426e-03
3.1324436478833e-02
-3.1323704730702e-02
1.4909753992249e-02
-9.9764637653846e-03
6.8662347886323e-03
6.3311211734622e-03
-1.9869131561115e-03
-9.4258122056305e-03
3.1327245759577e-02
-3.1335196339682e-02
-1.4612492032504e-02
8.8540237972515e-03
5.3341983470901e-03
8.0822189709978e-03
-2.5359410390053e-03
5.6056392473550e-03
3.1314281347621e-02
-3.1324251294719e-02
-1.5158416843582e-02
-1.5207452399728e-02
3.8979452411857e-03
9.7848715079130e-03
4.0640085765093e-03
7.8126853397396e-03
3.1282437009264e-02
-3.1337045450724e-02
-1.3961283832758e-02
-1.5018751225359e-02
1.3229954017971e-03
1.0731562709336e-02
8.6857483539521e-03
5.7473579481564e-03
3.1252657751983e-02
-3.1345646974484e-02
-8.2099176160377e-03
-1.5290727026138e-02
1.8085697021984e-03
7.6932999013937e-03
4.2648905646613e-03
3.4375407508891e-03
3.1277523586867e-02
-3.1347044813047e-02
5.8172545302689e-03
-1.3642062296525e-02
-3.6319248871641e-03
6.6364669063610e-03
7.6710476712379e-03
3.2356844203711e-03
3.1277386291307e-02
-3.1350171414870e-02
-3.5086909256796e-03
-1.1267836913639e-02
-2.9616844526732e-03
9.6800829710608e-03
-1.6978438820317e-03
3.3375017074139e-04
3.1311992528781e-02
-3.1329522533843e-02
5.6957654060778e-03
-9.0861352041730e-03
-7.6733920981861e-03
7.0372942312942e-03
6.7142516629752e-03
1.7182241063477e-04
3.1330754733091e-02
-3.1333351474068e-02
6.0727454304357e-05
2.4062623150699e-03
-4.1469421378784e-03
8.5256922701326e-03
3.7519829610793e-04
3.9903674111770e-03
3.1323666981293e-02
-3.1300842851612e-02
5.1200362602859e-04
-1.3898213028508e-02
-1.0449241212317e-02
1.9857997171389e-03
7.4073337885091e-03
2.5717831503665e-03
3.1341419078783e-02
-3.1297078906166e-02
-1.3498123396213e-02
1.2390764811506e-02
-1.1810553823767e-02
3.6020856228830e-03
1.1266593256422e-02
-9.5181448947022e-04
3.1311932843607e-02
-3.1272288799024e-02
1.0166158022055e-02
-9.2783743498943e-03
-1.3559881269273e-02
-2.8806347303532e-03
-7.4496670136361e-03
-7.5517107541642e-03
3.1342353084240e-02
-3.1201596167716e-02
1.2605155822962e-02
1.5179492775704e-02
-1.5005778351853e-02
-9.6354893761616e-03
-8.9137366335230e-03
-5.9681428017282e-03
3.1333806625463e-02
-1.1398548884999e-02
1.5415070843206e-02
5.2649951961681e-03
-1.5114524649569e-02
-1.2389174373250e-02
-4.3600775266769e-03
-1.4661517437284e-02
3.1351388912519e-02
3.1331761111141e-02
6.4983311289186e-03
-7.3324150043355e-03
-1.0721803206623e-02
-1.0494338943060e-02
4.4388560613097e-03
9.2325322595909e-03
3.1322938823894e-02
3.1340239797717e-02
7.2248550770747e-03
1.3544056096204e-02
-7.7595882291303e-03
-1.1778468174471e-02
2.4489805106499e-04
-2.9916932832332e-03
3.1330654165639e-02
3.1349484168624e-02
-1.4586031884071e-02
1.5304691430057e-02
9.8117051009651e-04
-6.9360646018934e-03
-2.9270741922447e-03
5.0283061699419e-03
3.1318794229544e-02
3.1326637567116e-02
-1.3607369690256e-02
1.4999843933929e-02
1.0449201894757e-02
-7.4067592847196e-03
-6.7139638322324e-03
1.0496459558388e-03
3.1260706291608e-02
3.1328900042436e-02
-1.5127274073813e-02
1.3970774476558e-02
1.2960655096013e-02
-1.2932629158517e-02
-1.3526876658341e-03
-6.1667460140472e-03
3.1303129032383e-02
3.1298031840540e-02
-1.4836587662067e-02
-1.5476177605127e-02
1.4599398830923e-02
-8.7707641286280e-03
-1.0918297598103e-02
-1.0361153730232e-02
3.1295137340939e-02
3.1334285548805e-02
-1.4400678656003e-02
-1.5489390215767e-02
1.4464678894152e-02
-1.0422823074495e-02
-1.0651950391531e-03
1.2020923517318e-02
3.1348424497626e-02
1.5124836415740e-02
-7.7591076486903e-03
-1.5366623238005e-02
1.3684454517880e-02
-5.6579027435057e-03
1.0817483993805e-02
1.1111277564790e-02
3.1334523800001e-02
-3.1268316246393e-02
-3.4038394293534e-03
7.0706031438097e-03
1.1568251517338e-02
-1.0790658309436e-03
-3.9357429941772e-03
4.3122365647766e-03
3.1310591144115e-02
-3.1318980074202e-02
1.3940920940786e-02
-3.9451434864317e-03
1.4561398224257e-02
2.8914595710277e-03
4.0481783649737e-03
-1.2857900444440e-03
3.1321204604164e-02
-3.1325349682742e-02
1.5704512188145e-02
-4.2327004826247e-04
1.4791362253045e-02
9.4166718756824e-03
5.5588488118081e-03
-1.5057657311280e-02
3.1298620463894e-02
-3.1317947388566e-02
1.4834707357903e-02
-7.6484564272340e-03
1.5011286904148e-02
4.4681294114014e-03
-1.5388521860126e-02
-1.5353989929972e-02
3.1286184552548e-02
-3.1271220917291e-02
-5.0992836116963e-03
-1.4281228262073e-02
1.3788207855278e-02
1.9255017461259e-03
-1.5619384907410e-02
-3.5431061601432e-03
3.1233626517827e-02
-3.1297770488946e-02
-1.3910550579815e-03
-1.5418057864720e-02
-2.9156486149686e-04
1.2366387105006e-02
-1.5639422809549e-02
1.5619208715343e-02
1.5735510231298e-02
-3.1124626437153e-02
-3.9744107909718e-03
-1.5520608675984e-02
-7.2400747288291e-03
1.4815183976328e-02
-1.5564081914446e-02
1.5675145697314e-02
3.0912235258310e-02
-3.1192771540869e-02
2.1545468165617e-03
-1.5402316961487e-02
-1.1862735063742e-02
1.5042345914797e-02
1.5592522530553e-02
1.5672260448746e-02
1.4472603498884e-02
-2.9256323452698e-03
-6.7974062117126e-03
-7.9051903407654e-03
-5.8962403932847e-03
1.4924957141864e-02
1.5649679828779e-02
1.5618677594096e-02
3.1222831068480e-02
-3.1174959975468e-02
-1.5253314487755e-02
1.5127668267883e-02
1.4292011833681e-02
1.4450081815709e-02
1.5615823455104e-02
-3.7871036976064e-03
3.1265865808703e-02
-2.9265193746583e-02
-1.5232435106668e-02
1.5288160713669e-02
1.5317865101806e-02
1.4905559143772e-02
4.6530212857674e-03
-6.2725420921108e-03
3.1284301098287e-02
-3.0039346006368e-02
-1.5246324054502e-02
-1.0591168553368e-02
1.5318561433650e-02
1.5276959702254e-02
-5.7465123644590e-03
9.9961962917143e-03
3.1205015334115e-02
-9.8297475068573e-03
0.0000000000000e+00
0.0000000000000e+00
0.0000000000000e+00
0.0000000000000e+00
0.0000000000000e+00
0.0000000000000e+00
0.0000000000000e+00
0.0000000000000e+00
0.0000000000000e+00
0.0000000000000e+00
0.0000000000000e+00
0.0000000000000e+00
0.0000000000000e+00
0.0000000000000e+00
0.0000000000000e+00
0.0000000000000e+00
